Algorithm: Greedy Vertex Coloring
Vertex colors:
0 0
1 0
2 0
3 0
4 0
5 0
6 0
7 0
8 0
9 0
10 0
11 0
12 0
13 0
14 0
15 0
16 0
17 0
18 0
19 0
20 0
21 0
22 0
23 0
24 0
25 0
26 0
27 0
28 0
29 0
30 0
31 0
32 0
33 0
34 0
35 0
36 0
37 0
38 0
39 0
40 0
41 0
42 0
43 0
44 0
45 0
46 0
47 0
48 0
49 0
50 0
51 0
52 0
53 0
54 0
55 0
56 0
57 0
58 0
59 0
60 0
61 0
62 0
63 0
64 0
65 0
66 0
67 0
68 0
69 0
70 0
71 0
72 0
73 0
74 0
75 0
76 0
77 0
78 0
79 1
80 0
81 0
82 0
83 0
84 1
85 0
86 0
87 0
88 0
89 0
90 0
91 0
92 0
93 0
94 0
95 0
96 0
97 0
98 0
99 0
100 0
101 0
102 0
103 0
104 0
105 0
106 0
107 0
108 0
109 0
110 0
111 0
112 0
113 0
114 0
115 0
116 0
117 0
118 1
119 0
120 0
121 0
122 0
123 0
124 0
125 0
126 0
127 0
128 0
129 1
130 0
131 0
132 0
133 0
134 0
135 0
136 0
137 0
138 0
139 0
140 0
141 0
142 0
143 0
144 0
145 0
146 0
147 0
148 0
149 0
150 0
151 1
152 1
153 0
154 0
155 0
156 0
157 0
158 0
159 0
160 0
161 0
162 0
163 0
164 0
165 0
166 0
167 0
168 0
169 0
170 0
171 0
172 1
173 1
174 1
175 0
176 0
177 0
178 0
179 0
180 0
181 0
182 1
183 0
184 0
185 0
186 0
187 0
188 0
189 0
190 1
191 0
192 0
193 1
194 0
195 0
196 0
197 0
198 1
199 0
200 0
201 0
202 0
203 0
204 0
205 1
206 0
207 0
208 1
209 0
210 1
211 0
212 0
213 0
214 0
215 0
216 0
217 1
218 0
219 0
220 1
221 1
222 0
223 0
224 0
225 1
226 0
227 0
228 0
229 1
230 0
231 0
232 1
233 0
234 0
235 0
236 0
237 0
238 0
239 0
240 0
241 0
242 0
243 0
244 0
245 0
246 0
247 0
248 0
249 0
250 0
251 0
252 0
253 0
254 0
255 1
256 1
257 1
258 0
259 0
260 0
261 0
262 0
263 0
264 0
265 0
266 0
267 0
268 0
269 0
270 0
271 0
272 0
273 0
274 0
275 0
276 0
277 0
278 1
279 0
280 0
281 0
282 0
283 0
284 0
285 0
286 0
287 0
288 0
289 0
290 0
291 1
292 0
293 1
294 0
295 0
296 0
297 0
298 0
299 0
300 0
301 0
302 0
303 1
304 0
305 0
306 0
307 0
308 1
309 0
310 0
311 1
312 0
313 0
314 0
315 0
316 0
317 1
318 1
319 0
320 0
321 0
322 0
323 0
324 0
325 0
326 0
327 0
328 0
329 0
330 1
331 0
332 0
333 0
334 0
335 0
336 1
337 1
338 0
339 0
340 0
341 0
342 0
343 0
344 0
345 0
346 0
347 0
348 0
349 1
350 0
351 1
352 0
353 0
354 0
355 0
356 0
357 0
358 1
359 0
360 0
361 0
362 0
363 0
364 0
365 0
366 0
367 0
368 0
369 0
370 0
371 1
372 1
373 0
374 0
375 0
376 1
377 0
378 0
379 0
380 0
381 0
382 0
383 0
384 0
385 1
386 1
387 0
388 0
389 0
390 1
391 0
392 0
393 0
394 0
395 0
396 0
397 1
398 0
399 0
400 0
401 0
402 0
403 0
404 0
405 0
406 1
407 0
408 0
409 1
410 0
411 0
412 0
413 0
414 0
415 0
416 0
417 0
418 1
419 0
420 0
421 0
422 0
423 0
424 1
425 0
426 0
427 0
428 0
429 0
430 0
431 0
432 1
433 1
434 0
435 0
436 0
437 0
438 1
439 0
440 0
441 0
442 1
443 0
444 0
445 0
446 1
447 1
448 0
449 0
450 0
451 0
452 0
453 1
454 0
455 0
456 0
457 0
458 0
459 0
460 0
461 0
462 0
463 1
464 0
465 0
466 0
467 0
468 0
469 1
470 0
471 0
472 1
473 0
474 0
475 0
476 0
477 0
478 0
479 0
480 1
481 1
482 0
483 0
484 1
485 0
486 0
487 0
488 0
489 0
490 1
491 0
492 1
493 0
494 0
495 0
496 0
497 0
498 0
499 0
500 0
501 1
502 1
503 0
504 0
505 0
506 0
507 0
508 0
509 0
510 1
511 0
512 0
513 0
514 0
515 1
516 0
517 0
518 0
519 0
520 0
521 0
522 1
523 1
524 0
525 1
526 0
527 1
528 1
529 1
530 1
531 1
532 1
533 0
534 0
535 1
536 0
537 0
538 0
539 0
540 1
541 1
542 1
543 0
544 0
545 0
546 0
547 0
548 0
549 0
550 1
551 0
552 0
553 0
554 0
555 0
556 0
557 1
558 0
559 1
560 0
561 1
562 0
563 0
564 0
565 1
566 1
567 1
568 0
569 0
570 0
571 0
572 1
573 0
574 0
575 0
576 0
577 0
578 0
579 1
580 1
581 1
582 1
583 0
584 0
585 0
586 0
587 0
588 0
589 0
590 0
591 1
592 0
593 0
594 0
595 1
596 0
597 0
598 0
599 0
600 0
601 0
602 0
603 0
604 0
605 1
606 1
607 0
608 0
609 1
610 0
611 0
612 1
613 0
614 0
615 0
616 1
617 0
618 1
619 0
620 1
621 1
622 0
623 0
624 0
625 0
626 0
627 0
628 0
629 0
630 0
631 0
632 0
633 0
634 0
635 0
636 0
637 0
638 0
639 0
640 0
641 0
642 0
643 0
644 0
645 1
646 0
647 0
648 0
649 0
650 0
651 0
652 0
653 0
654 0
655 0
656 1
657 0
658 0
659 1
660 0
661 1
662 0
663 0
664 1
665 1
666 0
667 0
668 0
669 1
670 1
671 0
672 1
673 0
674 0
675 0
676 0
677 0
678 0
679 0
680 0
681 0
682 0
683 0
684 1
685 0
686 0
687 0
688 0
689 1
690 1
691 0
692 0
693 0
694 1
695 0
696 1
697 0
698 0
699 0
700 0
701 0
702 0
703 0
704 0
705 0
706 1
707 0
708 0
709 0
710 1
711 0
712 0
713 0
714 1
715 0
716 1
717 0
718 1
719 0
720 1
721 1
722 2
723 0
724 0
725 0
726 0
727 0
728 0
729 0
730 0
731 0
732 0
733 1
734 0
735 0
736 1
737 2
738 0
739 0
740 0
741 0
742 2
743 1
744 0
745 0
746 0
747 0
748 0
749 0
750 0
751 0
752 0
753 0
754 1
755 0
756 1
757 1
758 0
759 0
760 1
761 0
762 0
763 1
764 0
765 0
766 0
767 0
768 1
769 1
770 1
771 0
772 0
773 0
774 1
775 0
776 0
777 0
778 0
779 1
780 0
781 0
782 1
783 0
784 1
785 1
786 0
787 1
788 0
789 0
790 0
791 0
792 0
793 1
794 0
795 0
796 0
797 2
798 0
799 0
800 1
801 1
802 0
803 1
804 0
805 1
806 0
807 0
808 0
809 0
810 1
811 1
812 1
813 0
814 0
815 0
816 1
817 1
818 1
819 1
820 1
821 0
822 0
823 0
824 1
825 0
826 0
827 0
828 2
829 0
830 1
831 0
832 0
833 1
834 1
835 0
836 0
837 0
838 1
839 0
840 0
841 1
842 0
843 0
844 1
845 0
846 0
847 0
848 1
849 0
850 0
851 0
852 1
853 0
854 1
855 0
856 1
857 0
858 0
859 1
860 0
861 0
862 0
863 0
864 2
865 0
866 1
867 0
868 0
869 0
870 0
871 1
872 0
873 0
874 0
875 0
876 0
877 1
878 0
879 0
880 1
881 2
882 0
883 0
884 1
885 0
886 0
887 0
888 0
889 0
890 1
891 0
892 0
893 1
894 0
895 1
896 0
897 1
898 0
899 0
900 1
901 0
902 0
903 0
904 0
905 0
906 1
907 1
908 0
909 0
910 0
911 0
912 1
913 0
914 1
915 1
916 0
917 0
918 0
919 1
920 0
921 0
922 0
923 1
924 0
925 1
926 0
927 2
928 0
929 0
930 0
931 0
932 0
933 0
934 1
935 0
936 0
937 0
938 1
939 0
940 1
941 0
942 0
943 0
944 0
945 0
946 0
947 0
948 0
949 0
950 1
951 0
952 1
953 1
954 0
955 0
956 0
957 2
958 1
959 0
960 0
961 0
962 0
963 1
964 1
965 0
966 0
967 0
968 1
969 0
970 0
971 1
972 1
973 1
974 0
975 0
976 0
977 0
978 1
979 1
980 0
981 1
982 1
983 2
984 0
985 0
986 0
987 0
988 1
989 0
990 1
991 0
992 0
993 1
994 0
995 0
996 1
997 1
998 1
999 0
1000 0
1001 1
1002 1
1003 1
1004 0
1005 0
1006 2
1007 0
1008 0
1009 0
1010 2
1011 2
1012 1
1013 0
1014 2
1015 0
1016 0
1017 1
1018 0
1019 0
1020 0
1021 1
1022 1
1023 0
1024 0
1025 1
1026 0
1027 0
1028 0
1029 0
1030 1
1031 1
1032 2
1033 0
1034 1
1035 0
1036 1
1037 1
1038 1
1039 1
1040 1
1041 0
1042 0
1043 0
1044 0
1045 1
1046 0
1047 0
1048 0
1049 0
1050 0
1051 0
1052 0
1053 1
1054 0
1055 0
1056 1
1057 1
1058 1
1059 1
1060 0
1061 2
1062 0
1063 1
1064 1
1065 0
1066 0
1067 0
1068 0
1069 0
1070 0
1071 0
1072 0
1073 0
1074 1
1075 1
1076 2
1077 1
1078 0
1079 1
1080 0
1081 0
1082 0
1083 1
1084 0
1085 1
1086 1
1087 1
1088 0
1089 0
1090 1
1091 1
1092 0
1093 0
1094 0
1095 0
1096 1
1097 0
1098 1
1099 1
1100 1
1101 1
1102 0
1103 1
1104 1
1105 0
1106 0
1107 0
1108 0
1109 0
1110 0
1111 0
1112 0
1113 1
1114 0
1115 1
1116 1
1117 1
1118 0
1119 0
1120 1
1121 0
1122 0
1123 0
1124 1
1125 0
1126 0
1127 0
1128 0
1129 0
1130 1
1131 0
1132 0
1133 1
1134 0
1135 0
1136 0
1137 0
1138 0
1139 1
1140 1
1141 0
1142 0
1143 1
1144 1
1145 0
1146 0
1147 0
1148 1
1149 0
1150 0
1151 0
1152 0
1153 1
1154 0
1155 0
1156 0
1157 1
1158 2
1159 0
1160 0
1161 1
1162 1
1163 1
1164 0
1165 0
1166 0
1167 1
1168 0
1169 1
1170 0
1171 0
1172 0
1173 0
1174 0
1175 2
1176 0
1177 0
1178 0
1179 0
1180 0
1181 0
1182 1
1183 0
1184 0
1185 0
1186 1
1187 0
1188 0
1189 1
1190 1
1191 0
1192 1
1193 0
1194 1
1195 2
1196 1
1197 0
1198 0
1199 2
1200 0
1201 0
1202 0
1203 1
1204 1
1205 0
1206 0
1207 0
1208 0
1209 1
1210 1
1211 0
1212 0
1213 0
1214 0
1215 1
1216 0
1217 1
1218 1
1219 1
1220 1
1221 0
1222 0
1223 0
1224 1
1225 0
1226 2
1227 0
1228 0
1229 1
1230 0
1231 2
1232 0
1233 1
1234 0
1235 0
1236 0
1237 1
1238 0
1239 1
1240 1
1241 0
1242 0
1243 0
1244 0
1245 0
1246 2
1247 0
1248 0
1249 1
1250 0
1251 0
1252 1
1253 2
1254 0
1255 1
1256 0
1257 0
1258 1
1259 0
1260 1
1261 2
1262 2
1263 0
1264 0
1265 0
1266 0
1267 0
1268 0
1269 0
1270 0
1271 1
1272 0
1273 0
1274 1
1275 1
1276 0
1277 0
1278 0
1279 0
1280 1
1281 0
1282 1
1283 0
1284 0
1285 0
1286 0
1287 0
1288 0
1289 1
1290 0
1291 0
1292 0
1293 1
1294 1
1295 0
1296 1
1297 0
1298 2
1299 0
1300 0
1301 1
1302 1
1303 0
1304 1
1305 0
1306 1
1307 1
1308 0
1309 0
1310 0
1311 0
1312 0
1313 0
1314 0
1315 0
1316 0
1317 0
1318 0
1319 0
1320 1
1321 2
1322 1
1323 2
1324 0
1325 0
1326 0
1327 0
1328 1
1329 1
1330 2
1331 1
1332 0
1333 1
1334 0
1335 0
1336 0
1337 0
1338 1
1339 0
1340 0
1341 2
1342 0
1343 1
1344 0
1345 0
1346 0
1347 0
1348 2
1349 1
1350 0
1351 0
1352 0
1353 0
1354 1
1355 1
1356 0
1357 0
1358 0
1359 1
1360 1
1361 1
1362 0
1363 1
1364 1
1365 0
1366 1
1367 2
1368 0
1369 1
1370 1
1371 1
1372 0
1373 0
1374 0
1375 2
1376 1
1377 1
1378 0
1379 0
1380 0
1381 1
1382 0
1383 0
1384 0
1385 1
1386 1
1387 1
1388 0
1389 0
1390 0
1391 2
1392 0
1393 1
1394 0
1395 1
1396 0
1397 0
1398 0
1399 1
1400 0
1401 1
1402 0
1403 1
1404 1
1405 1
1406 0
1407 0
1408 0
1409 1
1410 0
1411 0
1412 0
1413 0
1414 0
1415 2
1416 1
1417 0
1418 0
1419 0
1420 0
1421 0
1422 0
1423 1
1424 1
1425 1
1426 0
1427 1
1428 0
1429 0
1430 1
1431 1
1432 0
1433 1
1434 0
1435 1
1436 2
1437 1
1438 1
1439 0
1440 1
1441 1
1442 0
1443 0
1444 1
1445 0
1446 2
1447 0
1448 2
1449 0
1450 0
1451 1
1452 2
1453 0
1454 1
1455 1
1456 0
1457 0
1458 1
1459 1
1460 0
1461 1
1462 0
1463 0
1464 0
1465 1
1466 0
1467 1
1468 1
1469 0
1470 1
1471 0
1472 0
1473 0
1474 1
1475 1
1476 0
1477 0
1478 1
1479 1
1480 0
1481 0
1482 1
1483 1
1484 0
1485 2
1486 0
1487 1
1488 1
1489 1
1490 0
1491 0
1492 1
1493 1
1494 0
1495 0
1496 1
1497 2
1498 2
1499 2
1500 1
1501 1
1502 0
1503 1
1504 0
1505 1
1506 1
1507 0
1508 0
1509 0
1510 0
1511 1
1512 1
1513 0
1514 1
1515 2
1516 1
1517 1
1518 1
1519 1
1520 0
1521 1
1522 0
1523 0
1524 1
1525 2
1526 0
1527 1
1528 2
1529 0
1530 0
1531 1
1532 0
1533 1
1534 1
1535 1
1536 1
1537 0
1538 0
1539 1
1540 0
1541 0
1542 2
1543 1
1544 1
1545 1
1546 0
1547 0
1548 1
1549 0
1550 0
1551 0
1552 0
1553 1
1554 0
1555 1
1556 2
1557 0
1558 1
1559 1
1560 1
1561 0
1562 0
1563 1
1564 1
1565 2
1566 1
1567 1
1568 1
1569 2
1570 1
1571 2
1572 0
1573 1
1574 0
1575 1
1576 1
1577 0
1578 0
1579 1
1580 0
1581 0
1582 2
1583 0
1584 1
1585 0
1586 1
1587 1
1588 0
1589 0
1590 1
1591 0
1592 1
1593 0
1594 1
1595 2
1596 1
1597 1
1598 1
1599 0
1600 2
1601 0
1602 0
1603 0
1604 1
1605 0
1606 0
1607 0
1608 0
1609 0
1610 0
1611 0
1612 0
1613 0
1614 0
1615 0
1616 1
1617 1
1618 0
1619 0
1620 0
1621 1
1622 1
1623 2
1624 1
1625 0
1626 1
1627 0
1628 0
1629 0
1630 0
1631 1
1632 0
1633 0
1634 1
1635 2
1636 0
1637 0
1638 1
1639 2
1640 1
1641 1
1642 2
1643 0
1644 0
1645 2
1646 1
1647 0
1648 0
1649 1
1650 3
1651 1
1652 0
1653 1
1654 0
1655 0
1656 0
1657 1
1658 1
1659 0
1660 1
1661 0
1662 0
1663 0
1664 0
1665 0
1666 0
1667 0
1668 0
1669 0
1670 0
1671 0
1672 0
1673 0
1674 0
1675 0
1676 1
1677 1
1678 1
1679 0
1680 1
1681 0
1682 1
1683 1
1684 2
1685 0
1686 1
1687 1
1688 0
1689 1
1690 0
1691 0
1692 1
1693 0
1694 1
1695 0
1696 1
1697 1
1698 1
1699 0
1700 0
1701 1
1702 2
1703 0
1704 1
1705 1
1706 0
1707 0
1708 1
1709 1
1710 2
1711 0
1712 0
1713 1
1714 1
1715 0
1716 0
1717 0
1718 1
1719 1
1720 0
1721 1
1722 1
1723 1
1724 0
1725 0
1726 1
1727 2
1728 2
1729 0
1730 0
1731 0
1732 0
1733 1
1734 1
1735 2
1736 2
1737 0
1738 1
1739 0
1740 2
1741 1
1742 1
1743 0
1744 1
1745 1
1746 2
1747 0
1748 0
1749 1
1750 0
1751 0
1752 0
1753 0
1754 2
1755 0
1756 1
1757 1
1758 0
1759 1
1760 0
1761 0
1762 0
1763 0
1764 0
1765 1
1766 1
1767 1
1768 0
1769 0
1770 1
1771 1
1772 1
1773 0
1774 1
1775 0
1776 1
1777 0
1778 1
1779 0
1780 2
1781 0
1782 0
1783 0
1784 0
1785 0
1786 1
1787 1
1788 1
1789 1
1790 1
1791 1
1792 1
1793 0
1794 0
1795 0
1796 0
1797 0
1798 0
1799 1
1800 1
1801 0
1802 1
1803 0
1804 1
1805 1
1806 0
1807 1
1808 1
1809 2
1810 0
1811 0
1812 1
1813 0
1814 0
1815 1
1816 1
1817 0
1818 2
1819 0
1820 1
1821 0
1822 0
1823 0
1824 2
1825 2
1826 1
1827 2
1828 0
1829 1
1830 0
1831 0
1832 1
1833 0
1834 1
1835 2
1836 0
1837 1
1838 0
1839 1
1840 1
1841 0
1842 1
1843 0
1844 1
1845 0
1846 1
1847 1
1848 2
1849 0
1850 0
1851 1
1852 1
1853 0
1854 1
1855 0
1856 0
1857 2
1858 0
1859 0
1860 1
1861 0
1862 1
1863 1
1864 1
1865 1
1866 1
1867 0
1868 0
1869 1
1870 1
1871 1
1872 0
1873 0
1874 2
1875 1
1876 0
1877 1
1878 1
1879 1
1880 0
1881 1
1882 0
1883 1
1884 0
1885 1
1886 1
1887 2
1888 0
1889 1
1890 0
1891 1
1892 1
1893 1
1894 1
1895 1
1896 0
1897 2
1898 0
1899 1
1900 0
1901 1
1902 1
1903 0
1904 0
1905 0
1906 0
1907 1
1908 1
1909 2
1910 1
1911 0
1912 1
1913 0
1914 0
1915 1
1916 1
1917 1
1918 1
1919 0
1920 0
1921 1
1922 0
1923 0
1924 3
1925 2
1926 0
1927 0
1928 1
1929 0
1930 0
1931 1
1932 0
1933 0
1934 1
1935 1
1936 1
1937 2
1938 1
1939 0
1940 2
1941 1
1942 1
1943 0
1944 2
1945 0
1946 1
1947 0
1948 0
1949 0
1950 0
1951 0
1952 1
1953 1
1954 0
1955 1
1956 1
1957 0
1958 0
1959 0
1960 0
1961 1
1962 1
1963 1
1964 1
1965 1
1966 2
1967 1
1968 0
1969 0
1970 2
1971 1
1972 0
1973 0
1974 1
1975 0
1976 0
1977 1
1978 1
1979 1
1980 0
1981 1
1982 1
1983 1
1984 0
1985 1
1986 0
1987 2
1988 0
1989 1
1990 1
1991 1
1992 0
1993 0
1994 0
1995 1
1996 1
1997 0
1998 2
1999 0
2000 1
2001 0
2002 0
2003 0
2004 0
2005 0
2006 0
2007 1
2008 0
2009 1
2010 0
2011 0
2012 0
2013 0
2014 1
2015 2
2016 1
2017 0
2018 0
2019 0
2020 1
2021 0
2022 0
2023 1
2024 0
2025 0
2026 0
2027 1
2028 2
2029 1
2030 1
2031 1
2032 1
2033 2
2034 0
2035 1
2036 1
2037 0
2038 1
2039 0
2040 0
2041 0
2042 1
2043 0
2044 1
2045 0
2046 1
2047 0
2048 2
2049 2
2050 1
2051 1
2052 0
2053 1
2054 1
2055 1
2056 0
2057 0
2058 1
2059 0
2060 0
2061 0
2062 0
2063 0
2064 0
2065 1
2066 0
2067 0
2068 1
2069 1
2070 1
2071 1
2072 1
2073 1
2074 0
2075 0
2076 1
2077 1
2078 2
2079 0
2080 2
2081 0
2082 0
2083 1
2084 1
2085 1
2086 0
2087 3
2088 1
2089 2
2090 1
2091 1
2092 1
2093 1
2094 2
2095 2
2096 0
2097 0
2098 0
2099 0
2100 1
2101 1
2102 0
2103 1
2104 1
2105 1
2106 1
2107 1
2108 2
2109 1
2110 2
2111 1
2112 2
2113 1
2114 0
2115 1
2116 0
2117 0
2118 1
2119 1
2120 1
2121 0
2122 0
2123 1
2124 0
2125 1
2126 1
2127 1
2128 1
2129 1
2130 2
2131 1
2132 0
2133 1
2134 1
2135 0
2136 0
2137 2
2138 1
2139 0
2140 2
2141 0
2142 2
2143 1
2144 0
2145 1
2146 0
2147 0
2148 2
2149 1
2150 1
2151 2
2152 0
2153 1
2154 1
2155 0
2156 2
2157 0
2158 1
2159 1
2160 2
2161 2
2162 0
2163 0
2164 0
2165 2
2166 0
2167 0
2168 0
2169 2
2170 1
2171 2
2172 0
2173 1
2174 2
2175 0
2176 0
2177 2
2178 0
2179 0
2180 0
2181 1
2182 0
2183 0
2184 0
2185 1
2186 0
2187 0
2188 1
2189 0
2190 2
2191 1
2192 1
2193 0
2194 2
2195 2
2196 1
2197 0
2198 0
2199 1
2200 0
2201 0
2202 1
2203 0
2204 2
2205 2
2206 1
2207 1
2208 2
2209 1
2210 1
2211 0
2212 2
2213 2
2214 2
2215 2
2216 0
2217 2
2218 1
2219 0
2220 0
2221 0
2222 1
2223 2
2224 2
2225 2
2226 0
2227 1
2228 0
2229 1
2230 1
2231 0
2232 0
2233 2
2234 1
2235 1
2236 0
2237 0
2238 2
2239 0
2240 1
2241 0
2242 2
2243 1
2244 1
2245 1
2246 2
2247 0
2248 2
2249 0
2250 0
2251 1
2252 1
2253 0
2254 1
2255 1
2256 0
2257 2
2258 2
2259 0
2260 0
2261 0
2262 2
2263 0
2264 0
2265 0
2266 2
2267 2
2268 0
2269 2
2270 0
2271 0
2272 1
2273 2
2274 1
2275 1
2276 1
2277 1
2278 1
2279 1
2280 0
2281 1
2282 0
2283 2
2284 1
2285 1
2286 1
2287 1
2288 1
2289 0
2290 0
2291 2
2292 1
2293 2
2294 1
2295 1
2296 1
2297 0
2298 2
2299 2
2300 2
2301 2
2302 1
2303 0
2304 0
2305 1
2306 0
2307 2
2308 1
2309 1
2310 1
2311 0
2312 1
2313 0
2314 2
2315 2
2316 1
2317 1
2318 1
2319 1
2320 1
2321 1
2322 0
2323 0
2324 2
2325 0
2326 0
2327 2
2328 1
2329 1
2330 0
2331 3
2332 1
2333 3
2334 1
2335 0
2336 0
2337 0
2338 0
2339 0
2340 2
2341 0
2342 1
2343 0
2344 1
2345 0
2346 0
2347 1
2348 0
2349 0
2350 1
2351 1
2352 2
2353 0
2354 1
2355 3
2356 0
2357 1
2358 1
2359 1
2360 0
2361 0
2362 0
2363 2
2364 2
2365 1
2366 2
2367 1
2368 1
2369 0
2370 0
2371 2
2372 0
2373 0
2374 0
2375 0
2376 1
2377 2
2378 1
2379 0
2380 1
2381 2
2382 0
2383 0
2384 1
2385 1
2386 0
2387 0
2388 0
2389 0
2390 1
2391 2
2392 1
2393 1
2394 0
2395 0
2396 0
2397 0
2398 0
2399 1
2400 2
2401 1
2402 1
2403 2
2404 0
2405 2
2406 2
2407 0
2408 1
2409 0
2410 1
2411 0
2412 1
2413 0
2414 0
2415 0
2416 2
2417 0
2418 1
2419 2
2420 1
2421 0
2422 0
2423 0
2424 1
2425 1
2426 0
2427 1
2428 0
2429 1
2430 1
2431 0
2432 0
2433 0
2434 2
2435 2
2436 2
2437 2
2438 1
2439 1
2440 1
2441 1
2442 1
2443 2
2444 0
2445 2
2446 1
2447 0
2448 1
2449 0
2450 0
2451 0
2452 3
2453 0
2454 0
2455 0
2456 2
2457 0
2458 1
2459 1
2460 1
2461 2
2462 1
2463 1
2464 1
2465 1
2466 2
2467 2
2468 1
2469 0
2470 1
2471 1
2472 0
2473 0
2474 2
2475 2
2476 2
2477 0
2478 2
2479 2
2480 2
2481 1
2482 1
2483 1
2484 1
2485 3
2486 2
2487 0
2488 2
2489 1
2490 0
2491 0
2492 2
2493 0
2494 1
2495 0
2496 2
2497 0
2498 0
2499 0
2500 0
2501 1
2502 0
2503 0
2504 1
2505 1
2506 1
2507 1
2508 0
2509 2
2510 1
2511 1
2512 1
2513 2
2514 0
2515 1
2516 1
2517 0
2518 2
2519 1
2520 1
2521 1
2522 0
2523 2
2524 0
2525 1
2526 2
2527 0
2528 1
2529 1
2530 0
2531 1
2532 1
2533 0
2534 2
2535 2
2536 1
2537 2
2538 1
2539 0
2540 0
2541 0
2542 0
2543 0
2544 2
2545 1
2546 2
2547 1
2548 1
2549 1
2550 0
2551 0
2552 1
2553 1
2554 2
2555 0
2556 1
2557 2
2558 1
2559 2
2560 1
2561 0
2562 0
2563 1
2564 1
2565 1
2566 2
2567 0
2568 2
2569 2
2570 1
2571 1
2572 1
2573 0
2574 0
2575 0
2576 0
2577 1
2578 0
2579 1
2580 0
2581 1
2582 1
2583 2
2584 2
2585 0
2586 0
2587 1
2588 0
2589 0
2590 0
2591 0
2592 0
2593 1
2594 1
2595 0
2596 1
2597 0
2598 1
2599 0
2600 2
2601 0
2602 1
2603 1
2604 0
2605 0
2606 0
2607 0
2608 2
2609 1
2610 1
2611 1
2612 1
2613 0
2614 0
2615 2
2616 0
2617 2
2618 0
2619 1
2620 2
2621 1
2622 3
2623 2
2624 1
2625 0
2626 2
2627 2
2628 0
2629 0
2630 0
2631 0
2632 1
2633 1
2634 2
2635 1
2636 1
2637 1
2638 1
2639 0
2640 0
2641 0
2642 0
2643 3
2644 2
2645 2
2646 0
2647 2
2648 0
2649 0
2650 0
2651 0
2652 0
2653 1
2654 3
2655 2
2656 0
2657 0
2658 0
2659 2
2660 1
2661 0
2662 0
2663 0
2664 0
2665 2
2666 1
2667 0
2668 0
2669 1
2670 0
2671 2
2672 0
2673 0
2674 2
2675 2
2676 3
2677 0
2678 0
2679 2
2680 1
2681 0
2682 0
2683 1
2684 1
2685 0
2686 2
2687 2
2688 1
2689 1
2690 2
2691 1
2692 0
2693 1
2694 1
2695 1
2696 0
2697 2
2698 1
2699 0
2700 2
2701 0
2702 0
2703 0
2704 0
2705 0
2706 3
2707 0
2708 1
2709 0
2710 1
2711 0
2712 0
2713 0
2714 0
2715 2
2716 0
2717 1
2718 2
2719 2
2720 1
2721 2
2722 1
2723 2
2724 1
2725 1
2726 0
2727 0
2728 0
2729 2
2730 1
2731 0
2732 1
2733 0
2734 0
2735 0
2736 3
2737 1
2738 0
2739 0
2740 1
2741 0
2742 1
2743 0
2744 1
2745 1
2746 0
2747 1
2748 1
2749 2
2750 0
2751 1
2752 2
2753 0
2754 1
2755 1
2756 1
2757 1
2758 1
2759 1
2760 2
2761 1
2762 2
2763 2
2764 1
2765 2
2766 0
2767 0
2768 2
2769 0
2770 1
2771 1
2772 1
2773 0
2774 1
2775 0
2776 0
2777 1
2778 0
2779 1
2780 0
2781 1
2782 1
2783 1
2784 0
2785 0
2786 2
2787 0
2788 2
2789 0
2790 0
2791 1
2792 1
2793 2
2794 2
2795 3
2796 1
2797 1
2798 1
2799 1
2800 1
2801 0
2802 0
2803 1
2804 0
2805 0
2806 2
2807 2
2808 2
2809 0
2810 1
2811 0
2812 2
2813 1
2814 0
2815 1
2816 0
2817 1
2818 0
2819 2
2820 1
2821 1
2822 1
2823 0
2824 2
2825 0
2826 1
2827 1
2828 3
2829 1
2830 0
2831 1
2832 2
2833 0
2834 1
2835 1
2836 0
2837 2
2838 1
2839 2
2840 1
2841 2
2842 0
2843 2
2844 2
2845 0
2846 1
2847 0
2848 2
2849 0
2850 0
2851 1
2852 2
2853 0
2854 1
2855 2
2856 1
2857 0
2858 1
2859 2
2860 2
2861 0
2862 0
2863 0
2864 1
2865 0
2866 0
2867 1
2868 0
2869 0
2870 2
2871 2
2872 0
2873 2
2874 0
2875 2
2876 0
2877 2
2878 0
2879 2
2880 3
2881 1
2882 0
2883 2
2884 1
2885 0
2886 0
2887 0
2888 0
2889 1
2890 0
2891 0
2892 1
2893 2
2894 1
2895 0
2896 1
2897 2
2898 1
2899 0
2900 0
2901 0
2902 2
2903 1
2904 1
2905 2
2906 0
2907 2
2908 1
2909 1
2910 2
2911 1
2912 0
2913 0
2914 1
2915 1
2916 1
2917 3
2918 1
2919 1
2920 1
2921 1
2922 0
2923 1
2924 1
2925 1
2926 1
2927 1
2928 1
2929 1
2930 1
2931 2
2932 0
2933 1
2934 0
2935 3
2936 3
2937 1
2938 3
2939 1
2940 0
2941 0
2942 2
2943 0
2944 2
2945 0
2946 1
2947 2
2948 2
2949 0
2950 1
2951 0
2952 0
2953 1
2954 1
2955 1
2956 2
2957 0
2958 1
2959 1
2960 2
2961 1
2962 3
2963 2
2964 1
2965 2
2966 1
2967 1
2968 0
2969 1
2970 1
2971 1
2972 1
2973 2
2974 1
2975 0
2976 0
2977 0
2978 1
2979 0
2980 0
2981 0
2982 2
2983 0
2984 2
2985 0
2986 2
2987 2
2988 1
2989 0
2990 0
2991 0
2992 1
2993 0
2994 2
2995 0
2996 0
2997 1
2998 2
2999 0
3000 1
3001 1
3002 0
3003 0
3004 0
3005 0
3006 0
3007 1
3008 0
3009 1
3010 1
3011 1
3012 2
3013 1
3014 3
3015 2
3016 1
3017 1
3018 2
3019 0
3020 3
3021 0
3022 2
3023 1
3024 0
3025 0
3026 1
3027 2
3028 2
3029 0
3030 1
3031 1
3032 2
3033 2
3034 0
3035 0
3036 0
3037 1
3038 0
3039 1
3040 2
3041 1
3042 2
3043 2
3044 2
3045 0
3046 1
3047 0
3048 1
3049 1
3050 2
3051 1
3052 3
3053 1
3054 2
3055 3
3056 0
3057 1
3058 2
3059 1
3060 2
3061 0
3062 2
3063 0
3064 0
3065 0
3066 0
3067 1
3068 2
3069 0
3070 3
3071 0
3072 0
3073 1
3074 0
3075 0
3076 0
3077 0
3078 1
3079 2
3080 1
3081 2
3082 0
3083 1
3084 2
3085 3
3086 3
3087 0
3088 0
3089 1
3090 2
3091 1
3092 1
3093 0
3094 0
3095 3
3096 2
3097 2
3098 2
3099 0
3100 1
3101 0
3102 0
3103 0
3104 0
3105 1
3106 3
3107 3
3108 0
3109 2
3110 2
3111 2
3112 1
3113 2
3114 0
3115 2
3116 0
3117 2
3118 0
3119 2
3120 0
3121 0
3122 0
3123 1
3124 1
3125 2
3126 3
3127 1
3128 1
3129 0
3130 1
3131 0
3132 1
3133 0
3134 0
3135 2
3136 0
3137 0
3138 0
3139 1
3140 2
3141 0
3142 0
3143 2
3144 0
3145 2
3146 1
3147 0
3148 1
3149 2
3150 2
3151 0
3152 2
3153 1
3154 0
3155 2
3156 1
3157 1
3158 1
3159 1
3160 1
3161 2
3162 0
3163 2
3164 1
3165 0
3166 2
3167 1
3168 2
3169 0
3170 3
3171 2
3172 0
3173 0
3174 0
3175 1
3176 2
3177 1
3178 1
3179 0
3180 0
3181 0
3182 0
3183 2
3184 1
3185 2
3186 0
3187 1
3188 1
3189 1
3190 1
3191 0
3192 0
3193 1
3194 1
3195 1
3196 1
3197 0
3198 2
3199 1
3200 0
3201 2
3202 0
3203 0
3204 2
3205 2
3206 1
3207 0
3208 3
3209 0
3210 1
3211 1
3212 1
3213 2
3214 0
3215 1
3216 2
3217 2
3218 2
3219 0
3220 2
3221 1
3222 1
3223 1
3224 1
3225 2
3226 0
3227 2
3228 1
3229 3
3230 0
3231 0
3232 1
3233 3
3234 1
3235 1
3236 2
3237 0
3238 1
3239 0
3240 0
3241 2
3242 1
3243 2
3244 1
3245 1
3246 0
3247 0
3248 1
3249 1
3250 2
3251 2
3252 0
3253 2
3254 1
3255 2
3256 0
3257 1
3258 0
3259 0
3260 0
3261 1
3262 2
3263 2
3264 3
3265 1
3266 1
3267 0
3268 3
3269 0
3270 2
3271 3
3272 1
3273 0
3274 1
3275 1
3276 0
3277 2
3278 1
3279 2
3280 0
3281 3
3282 0
3283 0
3284 1
3285 1
3286 1
3287 2
3288 0
3289 3
3290 0
3291 1
3292 2
3293 2
3294 0
3295 0
3296 1
3297 2
3298 0
3299 0
3300 1
3301 1
3302 2
3303 1
3304 3
3305 2
3306 2
3307 0
3308 2
3309 2
3310 2
3311 0
3312 1
3313 1
3314 1
3315 1
3316 2
3317 1
3318 2
3319 1
3320 1
3321 0
3322 1
3323 1
3324 0
3325 0
3326 2
3327 1
3328 0
3329 1
3330 1
3331 0
3332 0
3333 0
3334 0
3335 3
3336 0
3337 0
3338 0
3339 0
3340 1
3341 0
3342 2
3343 0
3344 0
3345 0
3346 2
3347 2
3348 1
3349 0
3350 3
3351 0
3352 0
3353 0
3354 0
3355 1
3356 1
3357 2
3358 0
3359 0
3360 1
3361 1
3362 2
3363 0
3364 0
3365 2
3366 2
3367 2
3368 1
3369 2
3370 1
3371 1
3372 1
3373 1
3374 1
3375 1
3376 1
3377 1
3378 0
3379 3
3380 2
3381 1
3382 0
3383 1
3384 0
3385 2
3386 1
3387 2
3388 0
3389 1
3390 3
3391 1
3392 2
3393 2
3394 2
3395 2
3396 1
3397 1
3398 0
3399 1
3400 1
3401 1
3402 2
3403 2
3404 1
3405 2
3406 2
3407 2
3408 0
3409 0
3410 1
3411 2
3412 2
3413 1
3414 1
3415 1
3416 0
3417 0
3418 2
3419 3
3420 1
3421 1
3422 1
3423 0
3424 1
3425 2
3426 0
3427 3
3428 2
3429 0
3430 0
3431 0
3432 3
3433 0
3434 2
3435 1
3436 1
3437 0
3438 0
3439 1
3440 0
3441 0
3442 0
3443 1
3444 0
3445 0
3446 1
3447 0
3448 1
3449 1
3450 1
3451 1
3452 1
3453 1
3454 1
3455 2
3456 1
3457 0
3458 2
3459 2
3460 1
3461 2
3462 0
3463 1
3464 2
3465 1
3466 0
3467 2
3468 0
3469 0
3470 1
3471 2
3472 1
3473 1
3474 0
3475 1
3476 0
3477 0
3478 0
3479 0
3480 1
3481 1
3482 0
3483 0
3484 2
3485 1
3486 0
3487 1
3488 0
3489 0
3490 1
3491 0
3492 0
3493 0
3494 1
3495 1
3496 1
3497 0
3498 2
3499 0
3500 0
3501 1
3502 2
3503 0
3504 1
3505 1
3506 0
3507 2
3508 0
3509 2
3510 2
3511 1
3512 0
3513 0
3514 2
3515 1
3516 1
3517 2
3518 0
3519 0
3520 0
3521 1
3522 1
3523 3
3524 1
3525 0
3526 1
3527 0
3528 0
3529 2
3530 2
3531 1
3532 2
3533 0
3534 2
3535 0
3536 0
3537 2
3538 0
3539 1
3540 1
3541 1
3542 1
3543 0
3544 1
3545 0
3546 2
3547 2
3548 0
3549 2
3550 1
3551 2
3552 3
3553 0
3554 2
3555 2
3556 1
3557 2
3558 2
3559 1
3560 0
3561 0
3562 2
3563 1
3564 1
3565 2
3566 1
3567 2
3568 2
3569 2
3570 3
3571 0
3572 2
3573 2
3574 1
3575 0
3576 0
3577 2
3578 2
3579 2
3580 0
3581 2
3582 0
3583 1
3584 3
3585 0
3586 2
3587 2
3588 0
3589 0
3590 0
3591 2
3592 1
3593 0
3594 3
3595 1
3596 0
3597 1
3598 1
3599 0
3600 2
3601 0
3602 2
3603 0
3604 0
3605 0
3606 1
3607 1
3608 3
3609 1
3610 2
3611 2
3612 1
3613 1
3614 0
3615 2
3616 0
3617 0
3618 3
3619 1
3620 1
3621 3
3622 2
3623 0
3624 0
3625 2
3626 2
3627 0
3628 0
3629 2
3630 1
3631 0
3632 1
3633 0
3634 2
3635 2
3636 1
3637 1
3638 0
3639 0
3640 0
3641 2
3642 2
3643 1
3644 1
3645 3
3646 2
3647 0
3648 2
3649 0
3650 1
3651 1
3652 2
3653 0
3654 3
3655 0
3656 0
3657 2
3658 1
3659 2
3660 1
3661 1
3662 0
3663 0
3664 0
3665 2
3666 2
3667 0
3668 3
3669 0
3670 1
3671 1
3672 2
3673 3
3674 1
3675 2
3676 0
3677 3
3678 2
3679 2
3680 1
3681 1
3682 1
3683 2
3684 2
3685 1
3686 2
3687 2
3688 0
3689 0
3690 2
3691 2
3692 1
3693 1
3694 1
3695 1
3696 1
3697 0
3698 1
3699 0
3700 1
3701 1
3702 1
3703 1
3704 1
3705 1
3706 1
3707 1
3708 1
3709 0
3710 2
3711 0
3712 0
3713 2
3714 2
3715 2
3716 1
3717 1
3718 1
3719 0
3720 0
3721 2
3722 0
3723 1
3724 0
3725 2
3726 2
3727 0
3728 0
3729 1
3730 1
3731 3
3732 0
3733 2
3734 3
3735 2
3736 0
3737 1
3738 0
3739 0
3740 1
3741 0
3742 3
3743 1
3744 0
3745 1
3746 1
3747 1
3748 1
3749 1
3750 2
3751 1
3752 1
3753 2
3754 0
3755 3
3756 2
3757 3
3758 1
3759 1
3760 1
3761 0
3762 1
3763 2
3764 1
3765 3
3766 1
3767 0
3768 4
3769 1
3770 0
3771 0
3772 0
3773 0
3774 2
3775 0
3776 3
3777 1
3778 1
3779 2
3780 0
3781 0
3782 1
3783 2
3784 2
3785 2
3786 2
3787 1
3788 0
3789 1
3790 1
3791 0
3792 2
3793 3
3794 2
3795 1
3796 1
3797 2
3798 0
3799 1
3800 0
3801 1
3802 3
3803 1
3804 1
3805 3
3806 1
3807 2
3808 2
3809 0
3810 2
3811 2
3812 2
3813 0
3814 2
3815 0
3816 1
3817 1
3818 0
3819 0
3820 0
3821 2
3822 3
3823 1
3824 1
3825 1
3826 2
3827 1
3828 1
3829 2
3830 0
3831 0
3832 0
3833 0
3834 2
3835 0
3836 3
3837 1
3838 3
3839 1
3840 1
3841 3
3842 2
3843 1
3844 0
3845 1
3846 2
3847 2
3848 1
3849 1
3850 3
3851 2
3852 0
3853 2
3854 0
3855 1
3856 1
3857 2
3858 0
3859 1
3860 0
3861 1
3862 0
3863 0
3864 1
3865 1
3866 2
3867 2
3868 1
3869 2
3870 1
3871 3
3872 2
3873 1
3874 2
3875 1
3876 1
3877 0
3878 2
3879 1
3880 0
3881 0
3882 1
3883 2
3884 1
3885 1
3886 1
3887 1
3888 0
3889 2
3890 2
3891 1
3892 2
3893 1
3894 0
3895 2
3896 1
3897 2
3898 1
3899 1
3900 2
3901 0
3902 2
3903 3
3904 2
3905 1
3906 0
3907 0
3908 2
3909 2
3910 0
3911 0
3912 3
3913 0
3914 1
3915 1
3916 2
3917 0
3918 2
3919 1
3920 0
3921 1
3922 0
3923 1
3924 2
3925 1
3926 0
3927 2
3928 1
3929 2
3930 0
3931 1
3932 2
3933 3
3934 1
3935 0
3936 2
3937 0
3938 3
3939 1
3940 3
3941 1
3942 0
3943 2
3944 1
3945 0
3946 2
3947 1
3948 0
3949 1
3950 2
3951 0
3952 1
3953 1
3954 2
3955 3
3956 0
3957 1
3958 0
3959 1
3960 2
3961 1
3962 1
3963 1
3964 2
3965 0
3966 3
3967 1
3968 3
3969 0
3970 0
3971 1
3972 1
3973 3
3974 0
3975 1
3976 2
3977 2
3978 0
3979 0
3980 3
3981 0
3982 1
3983 3
3984 1
3985 2
3986 2
3987 0
3988 1
3989 0
3990 0
3991 1
3992 2
3993 0
3994 2
3995 1
3996 1
3997 2
3998 0
3999 0
4000 0
4001 1
4002 1
4003 1
4004 1
4005 2
4006 1
4007 1
4008 0
4009 3
4010 1
4011 3
4012 1
4013 2
4014 2
4015 1
4016 3
4017 1
4018 0
4019 3
4020 0
4021 1
4022 3
4023 0
4024 3
4025 1
4026 2
4027 0
4028 1
4029 2
4030 3
4031 1
4032 3
4033 0
4034 1
4035 1
4036 0
4037 1
4038 1
4039 1
4040 4
4041 1
4042 3
4043 1
4044 0
4045 0
4046 0
4047 2
4048 0
4049 2
4050 0
4051 0
4052 1
4053 1
4054 3
4055 2
4056 2
4057 1
4058 0
4059 1
4060 0
4061 0
4062 2
4063 0
4064 2
4065 1
4066 3
4067 0
4068 0
4069 1
4070 0
4071 2
4072 3
4073 2
4074 3
4075 2
4076 0
4077 0
4078 2
4079 2
4080 2
4081 1
4082 2
4083 2
4084 2
4085 0
4086 0
4087 2
4088 3
4089 1
4090 1
4091 2
4092 0
4093 2
4094 1
4095 3
4096 0
4097 1
4098 2
4099 0
4100 0
4101 0
4102 2
4103 0
4104 3
4105 0
4106 2
4107 3
4108 0
4109 1
4110 1
4111 0
4112 2
4113 2
4114 1
4115 3
4116 0
4117 3
4118 1
4119 1
4120 1
4121 0
4122 2
4123 1
4124 1
4125 1
4126 1
4127 4
4128 0
4129 2
4130 2
4131 1
4132 0
4133 1
4134 0
4135 0
4136 2
4137 2
4138 2
4139 0
4140 2
4141 0
4142 2
4143 3
4144 2
4145 1
4146 1
4147 2
4148 0
4149 0
4150 3
4151 2
4152 0
4153 0
4154 0
4155 2
4156 0
4157 1
4158 2
4159 0
4160 0
4161 0
4162 1
4163 1
4164 2
4165 0
4166 1
4167 3
4168 0
4169 1
4170 2
4171 2
4172 3
4173 1
4174 2
4175 0
4176 3
4177 3
4178 1
4179 0
4180 1
4181 0
4182 2
4183 3
4184 0
4185 1
4186 2
4187 0
4188 3
4189 1
4190 0
4191 1
4192 1
4193 3
4194 0
4195 2
4196 1
4197 1
4198 0
4199 2
4200 1
4201 1
4202 0
4203 2
4204 0
4205 1
4206 1
4207 0
4208 3
4209 0
4210 2
4211 0
4212 0
4213 1
4214 0
4215 2
4216 1
4217 0
4218 2
4219 0
4220 0
4221 2
4222 0
4223 1
4224 2
4225 0
4226 0
4227 2
4228 1
4229 2
4230 3
4231 1
4232 0
4233 2
4234 1
4235 1
4236 1
4237 3
4238 2
4239 2
4240 1
4241 0
4242 1
4243 2
4244 2
4245 1
4246 1
4247 1
4248 0
4249 2
4250 1
4251 2
4252 2
4253 0
4254 1
4255 2
4256 1
4257 0
4258 0
4259 2
4260 1
4261 2
4262 1
4263 0
4264 2
4265 2
4266 2
4267 1
4268 0
4269 0
4270 1
4271 2
4272 1
4273 2
4274 3
4275 2
4276 3
4277 2
4278 2
4279 0
4280 4
4281 2
4282 0
4283 0
4284 0
4285 0
4286 1
4287 3
4288 3
4289 2
4290 2
4291 1
4292 3
4293 1
4294 1
4295 2
4296 2
4297 0
4298 1
4299 1
4300 3
4301 0
4302 2
4303 2
4304 0
4305 2
4306 0
4307 0
4308 1
4309 0
4310 2
4311 1
4312 0
4313 2
4314 2
4315 1
4316 0
4317 1
4318 0
4319 1
4320 3
4321 3
4322 1
4323 1
4324 2
4325 0
4326 1
4327 1
4328 2
4329 3
4330 2
4331 2
4332 0
4333 3
4334 0
4335 2
4336 4
4337 2
4338 1
4339 1
4340 3
4341 3
4342 0
4343 0
4344 2
4345 2
4346 3
4347 0
4348 1
4349 0
4350 2
4351 2
4352 1
4353 0
4354 1
4355 1
4356 3
4357 1
4358 2
4359 1
4360 1
4361 1
4362 2
4363 0
4364 0
4365 0
4366 2
4367 3
4368 0
4369 2
4370 3
4371 0
4372 0
4373 2
4374 4
4375 4
4376 0
4377 1
4378 0
4379 1
4380 0
4381 0
4382 0
4383 0
4384 2
4385 2
4386 2
4387 0
4388 0
4389 0
4390 1
4391 3
4392 0
4393 1
4394 2
4395 1
4396 2
4397 2
4398 0
4399 0
4400 0
4401 2
4402 0
4403 0
4404 0
4405 2
4406 1
4407 2
4408 1
4409 3
4410 1
4411 0
4412 3
4413 2
4414 2
4415 0
4416 1
4417 1
4418 0
4419 1
4420 1
4421 1
4422 2
4423 0
4424 2
4425 2
4426 2
4427 2
4428 2
4429 1
4430 2
4431 2
4432 1
4433 0
4434 2
4435 1
4436 0
4437 1
4438 2
4439 0
4440 2
4441 3
4442 2
4443 2
4444 1
4445 1
4446 3
4447 2
4448 2
4449 2
4450 0
4451 2
4452 1
4453 2
4454 1
4455 3
4456 2
4457 0
4458 2
4459 2
4460 0
4461 1
4462 1
4463 1
4464 0
4465 2
4466 0
4467 2
4468 2
4469 0
4470 2
4471 2
4472 2
4473 3
4474 0
4475 0
4476 2
4477 0
4478 2
4479 1
4480 0
4481 0
4482 1
4483 3
4484 0
4485 1
4486 4
4487 3
4488 1
4489 1
4490 2
4491 0
4492 2
4493 2
4494 3
4495 0
4496 1
4497 1
4498 2
4499 2
4500 1
4501 2
4502 2
4503 0
4504 0
4505 3
4506 3
4507 2
4508 2
4509 2
4510 0
4511 0
4512 1
4513 1
4514 0
4515 0
4516 1
4517 0
4518 2
4519 0
4520 1
4521 0
4522 2
4523 1
4524 3
4525 2
4526 3
4527 1
4528 2
4529 2
4530 1
4531 0
4532 1
4533 1
4534 1
4535 0
4536 1
4537 2
4538 0
4539 1
4540 1
4541 2
4542 1
4543 0
4544 2
4545 0
4546 2
4547 1
4548 1
4549 4
4550 3
4551 0
4552 0
4553 2
4554 0
4555 1
4556 3
4557 2
4558 1
4559 2
4560 2
4561 2
4562 1
4563 2
4564 1
4565 0
4566 2
4567 0
4568 0
4569 1
4570 1
4571 2
4572 3
4573 2
4574 0
4575 2
4576 1
4577 1
4578 4
4579 3
4580 0
4581 1
4582 1
4583 2
4584 0
4585 1
4586 2
4587 0
4588 1
4589 0
4590 2
4591 0
4592 1
4593 3
4594 1
4595 0
4596 0
4597 3
4598 2
4599 3
4600 0
4601 0
4602 3
4603 0
4604 1
4605 0
4606 0
4607 1
4608 0
4609 3
4610 3
4611 1
4612 0
4613 2
4614 1
4615 1
4616 0
4617 2
4618 2
4619 0
4620 1
4621 3
4622 1
4623 3
4624 2
4625 2
4626 0
4627 2
4628 2
4629 0
4630 0
4631 3
4632 3
4633 2
4634 0
4635 1
4636 2
4637 2
4638 0
4639 0
4640 2
4641 1
4642 0
4643 3
4644 2
4645 0
4646 0
4647 1
4648 0
4649 2
4650 0
4651 2
4652 1
4653 1
4654 3
4655 2
4656 1
4657 3
4658 2
4659 1
4660 1
4661 3
4662 0
4663 1
4664 1
4665 2
4666 0
4667 2
4668 2
4669 0
4670 1
4671 0
4672 0
4673 3
4674 1
4675 0
4676 0
4677 1
4678 1
4679 0
4680 2
4681 1
4682 1
4683 2
4684 2
4685 0
4686 0
4687 2
4688 0
4689 3
4690 0
4691 0
4692 1
4693 3
4694 0
4695 0
4696 1
4697 1
4698 1
4699 3
4700 1
4701 1
4702 0
4703 2
4704 0
4705 2
4706 2
4707 1
4708 1
4709 2
4710 0
4711 2
4712 2
4713 3
4714 1
4715 2
4716 0
4717 2
4718 3
4719 1
4720 0
4721 2
4722 2
4723 1
4724 0
4725 2
4726 2
4727 0
4728 0
4729 1
4730 0
4731 3
4732 1
4733 2
4734 4
4735 0
4736 2
4737 1
4738 1
4739 3
4740 1
4741 0
4742 4
4743 1
4744 3
4745 3
4746 1
4747 0
4748 1
4749 2
4750 0
4751 0
4752 3
4753 2
4754 4
4755 1
4756 0
4757 2
4758 2
4759 3
4760 3
4761 2
4762 3
4763 0
4764 2
4765 1
4766 2
4767 1
4768 0
4769 2
4770 1
4771 2
4772 0
4773 1
4774 0
4775 1
4776 0
4777 0
4778 0
4779 1
4780 2
4781 3
4782 2
4783 0
4784 0
4785 0
4786 1
4787 1
4788 2
4789 2
4790 0
4791 0
4792 2
4793 0
4794 2
4795 2
4796 2
4797 0
4798 1
4799 0
4800 0
4801 2
4802 2
4803 2
4804 0
4805 0
4806 3
4807 3
4808 3
4809 1
4810 1
4811 1
4812 2
4813 1
4814 2
4815 0
4816 3
4817 2
4818 3
4819 4
4820 0
4821 0
4822 0
4823 3
4824 0
4825 3
4826 2
4827 2
4828 3
4829 1
4830 1
4831 3
4832 4
4833 2
4834 1
4835 3
4836 3
4837 1
4838 0
4839 3
4840 1
4841 3
4842 1
4843 3
4844 2
4845 3
4846 3
4847 0
4848 0
4849 1
4850 0
4851 1
4852 2
4853 2
4854 0
4855 1
4856 1
4857 1
4858 0
4859 3
4860 3
4861 2
4862 3
4863 1
4864 1
4865 3
4866 0
4867 1
4868 0
4869 0
4870 0
4871 1
4872 2
4873 1
4874 1
4875 0
4876 3
4877 0
4878 0
4879 2
4880 1
4881 2
4882 1
4883 1
4884 2
4885 3
4886 0
4887 1
4888 3
4889 3
4890 0
4891 1
4892 0
4893 0
4894 1
4895 1
4896 2
4897 1
4898 0
4899 0
4900 3
4901 0
4902 1
4903 1
4904 2
4905 2
4906 1
4907 3
4908 0
4909 0
4910 3
4911 1
4912 4
4913 3
4914 2
4915 0
4916 2
4917 0
4918 2
4919 2
4920 1
4921 3
4922 2
4923 0
4924 1
4925 2
4926 1
4927 0
4928 0
4929 1
4930 1
4931 2
4932 0
4933 3
4934 0
4935 2
4936 1
4937 0
4938 3
4939 0
4940 3
4941 1
4942 1
4943 0
4944 1
4945 0
4946 2
4947 0
4948 2
4949 4
4950 1
4951 1
4952 2
4953 1
4954 0
4955 0
4956 0
4957 3
4958 2
4959 2
4960 1
4961 2
4962 0
4963 2
4964 0
4965 0
4966 0
4967 4
4968 2
4969 1
4970 1
4971 2
4972 0
4973 1
4974 0
4975 0
4976 1
4977 0
4978 2
4979 1
4980 0
4981 2
4982 0
4983 2
4984 1
4985 3
4986 0
4987 2
4988 0
4989 0
4990 1
4991 2
4992 3
4993 1
4994 1
4995 2
4996 2
4997 2
4998 1
4999 0
5000 0
5001 2
5002 0
5003 1
5004 1
5005 2
5006 3
5007 2
5008 2
5009 3
5010 1
5011 1
5012 3
5013 0
5014 3
5015 2
5016 3
5017 0
5018 1
5019 1
5020 2
5021 3
5022 2
5023 4
5024 0
5025 0
5026 2
5027 1
5028 0
5029 1
5030 0
5031 0
5032 1
5033 3
5034 2
5035 2
5036 2
5037 1
5038 1
5039 1
5040 1
5041 0
5042 3
5043 2
5044 1
5045 0
5046 2
5047 1
5048 1
5049 2
5050 3
5051 2
5052 2
5053 2
5054 0
5055 2
5056 1
5057 2
5058 3
5059 0
5060 2
5061 1
5062 1
5063 1
5064 2
5065 1
5066 2
5067 4
5068 0
5069 2
5070 2
5071 2
5072 2
5073 0
5074 2
5075 1
5076 0
5077 2
5078 1
5079 1
5080 2
5081 4
5082 0
5083 1
5084 1
5085 2
5086 2
5087 1
5088 0
5089 1
5090 3
5091 2
5092 2
5093 0
5094 1
5095 2
5096 0
5097 0
5098 1
5099 0
5100 2
5101 3
5102 0
5103 2
5104 3
5105 3
5106 0
5107 2
5108 1
5109 1
5110 2
5111 1
5112 2
5113 0
5114 3
5115 0
5116 1
5117 0
5118 0
5119 1
5120 2
5121 2
5122 3
5123 1
5124 1
5125 2
5126 1
5127 1
5128 2
5129 1
5130 3
5131 2
5132 1
5133 1
5134 4
5135 0
5136 2
5137 4
5138 2
5139 1
5140 0
5141 1
5142 3
5143 1
5144 2
5145 3
5146 1
5147 0
5148 2
5149 0
5150 2
5151 1
5152 1
5153 1
5154 0
5155 0
5156 0
5157 1
5158 2
5159 2
5160 2
5161 3
5162 2
5163 2
5164 0
5165 0
5166 0
5167 2
5168 3
5169 0
5170 3
5171 2
5172 1
5173 0
5174 1
5175 1
5176 2
5177 2
5178 3
5179 0
5180 2
5181 0
5182 0
5183 2
5184 2
5185 0
5186 2
5187 0
5188 0
5189 0
5190 2
5191 1
5192 0
5193 0
5194 0
5195 2
5196 0
5197 2
5198 1
5199 3
5200 0
5201 2
5202 1
5203 3
5204 0
5205 2
5206 2
5207 2
5208 3
5209 2
5210 2
5211 2
5212 1
5213 2
5214 2
5215 2
5216 1
5217 0
5218 0
5219 1
5220 1
5221 1
5222 1
5223 0
5224 2
5225 3
5226 2
5227 1
5228 3
5229 1
5230 0
5231 2
5232 0
5233 0
5234 4
5235 2
5236 2
5237 2
5238 2
5239 1
5240 2
5241 2
5242 0
5243 3
5244 1
5245 3
5246 0
5247 3
5248 1
5249 2
5250 3
5251 0
5252 0
5253 3
5254 1
5255 3
5256 1
5257 4
5258 2
5259 0
5260 2
5261 2
5262 2
5263 2
5264 0
5265 2
5266 0
5267 0
5268 1
5269 3
5270 2
5271 2
5272 3
5273 2
5274 0
5275 2
5276 1
5277 3
5278 2
5279 3
5280 3
5281 1
5282 2
5283 1
5284 0
5285 4
5286 3
5287 1
5288 0
5289 2
5290 0
5291 0
5292 2
5293 2
5294 3
5295 3
5296 2
5297 2
5298 2
5299 1
5300 0
5301 2
5302 1
5303 0
5304 2
5305 0
5306 1
5307 1
5308 3
5309 2
5310 0
5311 3
5312 1
5313 4
5314 1
5315 2
5316 1
5317 2
5318 1
5319 0
5320 2
5321 2
5322 3
5323 1
5324 1
5325 1
5326 2
5327 0
5328 2
5329 3
5330 2
5331 2
5332 2
5333 2
5334 4
5335 1
5336 2
5337 0
5338 2
5339 0
5340 1
5341 0
5342 3
5343 2
5344 2
5345 3
5346 2
5347 2
5348 1
5349 1
5350 1
5351 3
5352 3
5353 1
5354 1
5355 2
5356 3
5357 0
5358 1
5359 4
5360 0
5361 3
5362 1
5363 3
5364 1
5365 2
5366 2
5367 0
5368 3
5369 4
5370 0
5371 0
5372 2
5373 1
5374 0
5375 2
5376 2
5377 2
5378 3
5379 2
5380 2
5381 0
5382 1
5383 3
5384 4
5385 2
5386 2
5387 2
5388 1
5389 3
5390 0
5391 0
5392 0
5393 0
5394 2
5395 0
5396 2
5397 4
5398 3
5399 0
5400 1
5401 2
5402 3
5403 0
5404 1
5405 1
5406 0
5407 1
5408 1
5409 3
5410 2
5411 2
5412 2
5413 1
5414 0
5415 3
5416 3
5417 1
5418 1
5419 4
5420 0
5421 3
5422 0
5423 2
5424 4
5425 0
5426 2
5427 2
5428 0
5429 3
5430 1
5431 4
5432 2
5433 0
5434 0
5435 3
5436 1
5437 3
5438 0
5439 0
5440 0
5441 3
5442 1
5443 0
5444 1
5445 1
5446 2
5447 1
5448 0
5449 0
5450 2
5451 2
5452 1
5453 2
5454 2
5455 1
5456 2
5457 0
5458 3
5459 3
5460 4
5461 2
5462 0
5463 3
5464 2
5465 2
5466 1
5467 2
5468 3
5469 2
5470 1
5471 3
5472 2
5473 3
5474 1
5475 2
5476 2
5477 3
5478 1
5479 0
5480 3
5481 0
5482 3
5483 2
5484 2
5485 0
5486 3
5487 1
5488 2
5489 1
5490 2
5491 1
5492 3
5493 3
5494 3
5495 1
5496 4
5497 1
5498 3
5499 2
5500 1
5501 2
5502 0
5503 0
5504 1
5505 2
5506 1
5507 1
5508 1
5509 3
5510 0
5511 1
5512 0
5513 0
5514 2
5515 0
5516 1
5517 3
5518 4
5519 1
5520 0
5521 1
5522 1
5523 3
5524 3
5525 0
5526 2
5527 4
5528 1
5529 3
5530 4
5531 0
5532 0
5533 1
5534 1
5535 3
5536 2
5537 1
5538 1
5539 2
5540 2
5541 1
5542 3
5543 3
5544 0
5545 1
5546 3
5547 0
5548 2
5549 3
5550 0
5551 0
5552 0
5553 2
5554 3
5555 0
5556 1
5557 0
5558 1
5559 0
5560 1
5561 0
5562 3
5563 0
5564 2
5565 0
5566 1
5567 3
5568 3
5569 1
5570 3
5571 2
5572 1
5573 4
5574 2
5575 3
5576 2
5577 1
5578 1
5579 0
5580 0
5581 1
5582 3
5583 3
5584 1
5585 3
5586 0
5587 3
5588 1
5589 2
5590 2
5591 0
5592 3
5593 4
5594 3
5595 2
5596 3
5597 1
5598 4
5599 0
5600 2
5601 0
5602 0
5603 0
5604 2
5605 3
5606 2
5607 2
5608 2
5609 1
5610 3
5611 1
5612 0
5613 4
5614 3
5615 3
5616 3
5617 2
5618 2
5619 0
5620 1
5621 1
5622 2
5623 2
5624 3
5625 1
5626 3
5627 1
5628 3
5629 3
5630 0
5631 2
5632 0
5633 4
5634 2
5635 2
5636 2
5637 0
5638 3
5639 3
5640 4
5641 1
5642 2
5643 4
5644 2
5645 3
5646 0
5647 2
5648 3
5649 2
5650 0
5651 2
5652 1
5653 3
5654 0
5655 0
5656 3
5657 3
5658 3
5659 2
5660 1
5661 1
5662 3
5663 0
5664 0
5665 2
5666 2
5667 0
5668 0
5669 0
5670 1
5671 2
5672 2
5673 2
5674 3
5675 2
5676 0
5677 4
5678 2
5679 2
5680 0
5681 4
5682 2
5683 1
5684 0
5685 4
5686 0
5687 1
5688 0
5689 0
5690 1
5691 1
5692 3
5693 3
5694 0
5695 2
5696 1
5697 3
5698 2
5699 2
5700 1
5701 1
5702 2
5703 0
5704 0
5705 1
5706 1
5707 3
5708 2
5709 0
5710 2
5711 0
5712 3
5713 0
5714 1
5715 0
5716 3
5717 2
5718 2
5719 3
5720 2
5721 2
5722 1
5723 0
5724 0
5725 2
5726 0
5727 1
5728 2
5729 0
5730 0
5731 2
5732 0
5733 2
5734 1
5735 3
5736 3
5737 2
5738 1
5739 2
5740 0
5741 1
5742 2
5743 1
5744 3
5745 2
5746 0
5747 1
5748 2
5749 2
5750 0
5751 2
5752 3
5753 1
5754 1
5755 1
5756 1
5757 0
5758 1
5759 0
5760 0
5761 2
5762 3
5763 2
5764 0
5765 2
5766 2
5767 1
5768 1
5769 0
5770 1
5771 1
5772 3
5773 3
5774 3
5775 2
5776 1
5777 4
5778 1
5779 0
5780 2
5781 4
5782 4
5783 1
5784 1
5785 3
5786 2
5787 4
5788 2
5789 2
5790 1
5791 1
5792 0
5793 2
5794 3
5795 0
5796 2
5797 2
5798 2
5799 1
5800 0
5801 3
5802 1
5803 2
5804 0
5805 1
5806 1
5807 1
5808 1
5809 2
5810 1
5811 2
5812 2
5813 1
5814 0
5815 2
5816 1
5817 2
5818 3
5819 0
5820 1
5821 2
5822 1
5823 0
5824 2
5825 2
5826 0
5827 4
5828 1
5829 3
5830 0
5831 1
5832 1
5833 1
5834 3
5835 2
5836 3
5837 0
5838 0
5839 0
5840 1
5841 0
5842 1
5843 2
5844 0
5845 1
5846 3
5847 0
5848 2
5849 0
5850 3
5851 1
5852 0
5853 3
5854 2
5855 1
5856 1
5857 1
5858 2
5859 0
5860 2
5861 3
5862 1
5863 2
5864 4
5865 0
5866 2
5867 3
5868 2
5869 2
5870 2
5871 2
5872 1
5873 3
5874 0
5875 3
5876 3
5877 0
5878 1
5879 0
5880 2
5881 3
5882 3
5883 1
5884 2
5885 2
5886 3
5887 0
5888 1
5889 2
5890 1
5891 1
5892 1
5893 1
5894 1
5895 0
5896 2
5897 2
5898 1
5899 1
5900 1
5901 3
5902 1
5903 2
5904 1
5905 1
5906 3
5907 2
5908 2
5909 4
5910 1
5911 0
5912 1
5913 2
5914 3
5915 1
5916 2
5917 3
5918 4
5919 0
5920 1
5921 3
5922 0
5923 3
5924 3
5925 3
5926 2
5927 4
5928 2
5929 2
5930 2
5931 0
5932 1
5933 1
5934 1
5935 1
5936 2
5937 1
5938 1
5939 0
5940 4
5941 1
5942 2
5943 1
5944 1
5945 2
5946 1
5947 2
5948 0
5949 0
5950 2
5951 1
5952 4
5953 4
5954 1
5955 1
5956 3
5957 2
5958 0
5959 1
5960 3
5961 1
5962 1
5963 1
5964 2
5965 2
5966 2
5967 3
5968 2
5969 0
5970 1
5971 1
5972 0
5973 3
5974 1
5975 1
5976 1
5977 2
5978 2
5979 1
5980 1
5981 2
5982 1
5983 3
5984 1
5985 1
5986 0
5987 2
5988 3
5989 1
5990 3
5991 3
5992 3
5993 3
5994 1
5995 2
5996 4
5997 2
5998 1
5999 0
6000 2
6001 0
6002 3
6003 3
6004 1
6005 0
6006 2
6007 2
6008 0
6009 1
6010 1
6011 0
6012 1
6013 1
6014 1
6015 0
6016 4
6017 0
6018 0
6019 3
6020 3
6021 1
6022 2
6023 0
6024 1
6025 2
6026 2
6027 2
6028 3
6029 2
6030 1
6031 3
6032 1
6033 1
6034 4
6035 4
6036 1
6037 0
6038 3
6039 2
6040 2
6041 1
6042 3
6043 4
6044 0
6045 2
6046 1
6047 2
6048 1
6049 0
6050 1
6051 2
6052 1
6053 1
6054 3
6055 1
6056 0
6057 3
6058 3
6059 2
6060 0
6061 4
6062 1
6063 1
6064 0
6065 3
6066 1
6067 1
6068 3
6069 3
6070 2
6071 2
6072 1
6073 2
6074 0
6075 1
6076 5
6077 4
6078 4
6079 0
6080 1
6081 1
6082 3
6083 1
6084 1
6085 2
6086 3
6087 3
6088 1
6089 3
6090 3
6091 2
6092 2
6093 2
6094 0
6095 0
6096 0
6097 0
6098 0
6099 3
6100 2
6101 2
6102 2
6103 1
6104 0
6105 4
6106 1
6107 1
6108 4
6109 2
6110 3
6111 1
6112 2
6113 2
6114 3
6115 1
6116 0
6117 2
6118 1
6119 4
6120 1
6121 1
6122 3
6123 1
6124 4
6125 3
6126 3
6127 0
6128 0
6129 0
6130 1
6131 3
6132 0
6133 0
6134 0
6135 3
6136 1
6137 1
6138 4
6139 2
6140 3
6141 1
6142 2
6143 1
6144 3
6145 3
6146 0
6147 3
6148 2
6149 2
6150 0
6151 3
6152 2
6153 2
6154 0
6155 0
6156 3
6157 3
6158 1
6159 2
6160 0
6161 3
6162 2
6163 0
6164 3
6165 2
6166 1
6167 1
6168 1
6169 2
6170 0
6171 3
6172 3
6173 2
6174 1
6175 4
6176 2
6177 3
6178 0
6179 2
6180 0
6181 2
6182 1
6183 1
6184 2
6185 3
6186 3
6187 1
6188 2
6189 3
6190 1
6191 2
6192 2
6193 1
6194 1
6195 2
6196 0
6197 0
6198 1
6199 4
6200 2
6201 2
6202 3
6203 1
6204 2
6205 1
6206 1
6207 2
6208 0
6209 3
6210 4
6211 0
6212 1
6213 3
6214 2
6215 1
6216 0
6217 2
6218 2
6219 0
6220 0
6221 4
6222 3
6223 2
6224 2
6225 1
6226 1
6227 4
6228 3
6229 1
6230 3
6231 2
6232 2
6233 1
6234 3
6235 1
6236 3
6237 2
6238 1
6239 1
6240 1
6241 2
6242 3
6243 1
6244 1
6245 2
6246 1
6247 1
6248 3
6249 5
6250 3
6251 2
6252 0
6253 0
6254 3
6255 4
6256 1
6257 2
6258 4
6259 2
6260 0
6261 3
6262 1
6263 2
6264 0
6265 1
6266 1
6267 2
6268 3
6269 2
6270 3
6271 2
6272 3
6273 1
6274 0
6275 3
6276 2
6277 2
6278 2
6279 0
6280 3
6281 0
6282 0
6283 0
6284 3
6285 2
6286 3
6287 1
6288 3
6289 1
6290 4
6291 1
6292 3
6293 3
6294 3
6295 1
6296 2
6297 2
6298 2
6299 3
6300 0
6301 2
6302 1
6303 1
6304 3
6305 4
6306 3
6307 1
6308 1
6309 0
6310 0
6311 1
6312 3
6313 4
6314 1
6315 2
6316 2
6317 3
6318 1
6319 1
6320 0
6321 1
6322 3
6323 2
6324 0
6325 3
6326 2
6327 0
6328 3
6329 3
6330 2
6331 1
6332 0
6333 1
6334 2
6335 1
6336 3
6337 2
6338 2
6339 2
6340 1
6341 1
6342 3
6343 1
6344 1
6345 0
6346 1
6347 4
6348 4
6349 3
6350 3
6351 2
6352 3
6353 1
6354 3
6355 3
6356 0
6357 2
6358 3
6359 4
6360 1
6361 3
6362 0
6363 3
6364 2
6365 4
6366 0
6367 2
6368 2
6369 0
6370 2
6371 2
6372 2
6373 3
6374 4
6375 0
6376 1
6377 0
6378 0
6379 0
6380 3
6381 2
6382 0
6383 2
6384 0
6385 0
6386 3
6387 3
6388 2
6389 1
6390 2
6391 0
6392 3
6393 0
6394 1
6395 3
6396 2
6397 2
6398 1
6399 3
6400 2
6401 3
6402 2
6403 4
6404 1
6405 2
6406 2
6407 3
6408 3
6409 3
6410 2
6411 3
6412 2
6413 0
6414 1
6415 2
6416 1
6417 1
6418 3
6419 0
6420 2
6421 3
6422 1
6423 0
6424 2
6425 3
6426 3
6427 3
6428 2
6429 3
6430 2
6431 0
6432 3
6433 1
6434 1
6435 2
6436 3
6437 4
6438 1
6439 2
6440 2
6441 2
6442 1
6443 1
6444 1
6445 2
6446 3
6447 2
6448 0
6449 1
6450 2
6451 1
6452 2
6453 4
6454 0
6455 3
6456 0
6457 3
6458 0
6459 1
6460 3
6461 3
6462 1
6463 2
6464 2
6465 2
6466 2
6467 3
6468 1
6469 0
6470 1
6471 3
6472 0
6473 1
6474 0
6475 0
6476 2
6477 0
6478 1
6479 1
6480 3
6481 3
6482 1
6483 1
6484 1
6485 2
6486 0
6487 2
6488 4
6489 1
6490 1
6491 1
6492 2
6493 3
6494 2
6495 1
6496 3
6497 0
6498 3
6499 3
6500 3
6501 0
6502 0
6503 3
6504 3
6505 2
6506 4
6507 2
6508 0
6509 2
6510 1
6511 4
6512 1
6513 4
6514 1
6515 1
6516 3
6517 2
6518 3
6519 3
6520 0
6521 3
6522 2
6523 2
6524 4
6525 2
6526 2
6527 2
6528 4
6529 1
6530 1
6531 3
6532 1
6533 2
6534 2
6535 2
6536 2
6537 2
6538 2
6539 4
6540 3
6541 1
6542 4
6543 3
6544 3
6545 0
6546 0
6547 0
6548 1
6549 3
6550 1
6551 1
6552 1
6553 3
6554 0
6555 1
6556 4
6557 4
6558 1
6559 0
6560 1
6561 2
6562 2
6563 3
6564 1
6565 3
6566 3
6567 3
6568 2
6569 0
6570 2
6571 1
6572 1
6573 2
6574 4
6575 4
6576 3
6577 0
6578 2
6579 1
6580 2
6581 1
6582 0
6583 0
6584 0
6585 2
6586 2
6587 2
6588 3
6589 3
6590 1
6591 3
6592 1
6593 2
6594 3
6595 2
6596 1
6597 4
6598 2
6599 2
6600 3
6601 3
6602 0
6603 0
6604 0
6605 1
6606 4
6607 2
6608 0
6609 3
6610 0
6611 2
6612 0
6613 4
6614 1
6615 3
6616 3
6617 0
6618 1
6619 3
6620 1
6621 2
6622 2
6623 2
6624 2
6625 3
6626 2
6627 4
6628 4
6629 0
6630 3
6631 1
6632 0
6633 3
6634 1
6635 4
6636 3
6637 3
6638 1
6639 4
6640 2
6641 1
6642 1
6643 0
6644 0
6645 2
6646 3
6647 2
6648 3
6649 1
6650 1
6651 1
6652 3
6653 3
6654 0
6655 2
6656 1
6657 1
6658 4
6659 2
6660 0
6661 2
6662 3
6663 3
6664 3
6665 0
6666 2
6667 0
6668 2
6669 3
6670 3
6671 0
6672 3
6673 0
6674 3
6675 3
6676 3
6677 2
6678 4
6679 1
6680 1
6681 0
6682 1
6683 2
6684 2
6685 3
6686 3
6687 2
6688 2
6689 1
6690 2
6691 2
6692 1
6693 3
6694 2
6695 2
6696 1
6697 3
6698 4
6699 0
6700 3
6701 2
6702 0
6703 3
6704 1
6705 3
6706 1
6707 0
6708 1
6709 0
6710 2
6711 0
6712 0
6713 4
6714 3
6715 1
6716 0
6717 3
6718 2
6719 1
6720 1
6721 0
6722 1
6723 2
6724 2
6725 0
6726 1
6727 1
6728 2
6729 3
6730 4
6731 2
6732 2
6733 0
6734 2
6735 2
6736 1
6737 3
6738 3
6739 2
6740 0
6741 3
6742 0
6743 2
6744 2
6745 2
6746 1
6747 4
6748 0
6749 3
6750 2
6751 2
6752 3
6753 2
6754 3
6755 2
6756 2
6757 0
6758 0
6759 2
6760 1
6761 0
6762 4
6763 3
6764 0
6765 3
6766 0
6767 0
6768 1
6769 3
6770 2
6771 3
6772 1
6773 3
6774 0
6775 2
6776 2
6777 2
6778 2
6779 0
6780 2
6781 2
6782 3
6783 3
6784 3
6785 3
6786 1
6787 2
6788 3
6789 3
6790 2
6791 3
6792 3
6793 3
6794 0
6795 0
6796 3
6797 3
6798 4
6799 3
6800 3
6801 2
6802 3
6803 2
6804 1
6805 1
6806 0
6807 0
6808 1
6809 3
6810 2
6811 3
6812 3
6813 0
6814 2
6815 3
6816 2
6817 1
6818 1
6819 2
6820 1
6821 4
6822 3
6823 2
6824 3
6825 1
6826 0
6827 3
6828 0
6829 4
6830 1
6831 1
6832 1
6833 4
6834 1
6835 4
6836 4
6837 3
6838 3
6839 1
6840 3
6841 2
6842 1
6843 3
6844 1
6845 0
6846 1
6847 0
6848 2
6849 1
6850 4
6851 1
6852 2
6853 0
6854 2
6855 2
6856 2
6857 3
6858 3
6859 4
6860 1
6861 3
6862 1
6863 0
6864 2
6865 2
6866 4
6867 3
6868 0
6869 0
6870 2
6871 1
6872 1
6873 3
6874 4
6875 1
6876 1
6877 2
6878 1
6879 2
6880 2
6881 0
6882 1
6883 1
6884 1
6885 1
6886 0
6887 4
6888 2
6889 3
6890 1
6891 1
6892 2
6893 0
6894 2
6895 0
6896 0
6897 0
6898 0
6899 2
6900 1
6901 4
6902 2
6903 1
6904 2
6905 1
6906 0
6907 2
6908 3
6909 4
6910 0
6911 2
6912 3
6913 4
6914 2
6915 1
6916 3
6917 3
6918 1
6919 3
6920 1
6921 3
6922 0
6923 2
6924 3
6925 3
6926 0
6927 1
6928 1
6929 3
6930 2
6931 4
6932 3
6933 0
6934 2
6935 2
6936 3
6937 2
6938 2
6939 0
6940 2
6941 1
6942 0
6943 2
6944 4
6945 1
6946 1
6947 0
6948 4
6949 1
6950 2
6951 4
6952 0
6953 2
6954 1
6955 2
6956 0
6957 0
6958 3
6959 0
6960 2
6961 2
6962 4
6963 3
6964 1
6965 3
6966 0
6967 0
6968 1
6969 0
6970 3
6971 1
6972 3
6973 2
6974 4
6975 3
6976 1
6977 3
6978 1
6979 1
6980 3
6981 1
6982 2
6983 5
6984 1
6985 2
6986 1
6987 5
6988 3
6989 4
6990 2
6991 1
6992 3
6993 1
6994 0
6995 0
6996 1
6997 4
6998 4
6999 0
7000 1
7001 4
7002 3
7003 0
7004 2
7005 4
7006 1
7007 3
7008 2
7009 2
7010 4
7011 1
7012 2
7013 0
7014 2
7015 2
7016 1
7017 2
7018 1
7019 0
7020 3
7021 3
7022 3
7023 0
7024 0
7025 2
7026 0
7027 3
7028 0
7029 0
7030 1
7031 2
7032 2
7033 4
7034 3
7035 0
7036 2
7037 0
7038 1
7039 3
7040 2
7041 3
7042 0
7043 3
7044 3
7045 2
7046 3
7047 1
7048 3
7049 1
7050 2
7051 1
7052 3
7053 0
7054 3
7055 3
7056 2
7057 1
7058 1
7059 2
7060 3
7061 0
7062 2
7063 2
7064 2
7065 1
7066 1
7067 3
7068 3
7069 3
7070 3
7071 0
7072 1
7073 1
7074 2
7075 3
7076 3
7077 2
7078 0
7079 0
7080 4
7081 3
7082 1
7083 4
7084 2
7085 1
7086 3
7087 0
7088 1
7089 4
7090 2
7091 3
7092 1
7093 1
7094 1
7095 1
7096 4
7097 1
7098 2
7099 2
7100 3
7101 2
7102 1
7103 2
7104 1
7105 0
7106 1
7107 2
7108 2
7109 3
7110 4
7111 2
7112 0
7113 4
7114 0
7115 3
7116 3
7117 2
7118 3
7119 3
7120 0
7121 3
7122 2
7123 2
7124 3
7125 1
7126 3
7127 0
7128 0
7129 4
7130 0
7131 1
7132 3
7133 3
7134 1
7135 2
7136 0
7137 2
7138 2
7139 3
7140 3
7141 3
7142 2
7143 2
7144 1
7145 4
7146 1
7147 1
7148 2
7149 1
7150 1
7151 2
7152 1
7153 0
7154 2
7155 1
7156 3
7157 2
7158 4
7159 0
7160 2
7161 3
7162 3
7163 2
7164 0
7165 4
7166 2
7167 2
7168 2
7169 2
7170 3
7171 4
7172 3
7173 3
7174 0
7175 2
7176 2
7177 1
7178 4
7179 0
7180 3
7181 2
7182 4
7183 2
7184 1
7185 4
7186 1
7187 3
7188 0
7189 1
7190 1
7191 2
7192 5
7193 3
7194 2
7195 2
7196 1
7197 0
7198 3
7199 0
7200 1
7201 3
7202 3
7203 2
7204 1
7205 1
7206 4
7207 3
7208 4
7209 2
7210 0
7211 0
7212 1
7213 1
7214 3
7215 2
7216 4
7217 2
7218 3
7219 1
7220 4
7221 0
7222 2
7223 0
7224 1
7225 3
7226 0
7227 2
7228 3
7229 1
7230 1
7231 4
7232 1
7233 3
7234 3
7235 3
7236 1
7237 2
7238 1
7239 2
7240 2
7241 1
7242 4
7243 0
7244 3
7245 4
7246 3
7247 2
7248 3
7249 1
7250 3
7251 3
7252 3
7253 0
7254 1
7255 3
7256 3
7257 4
7258 2
7259 2
7260 4
7261 0
7262 1
7263 0
7264 4
7265 3
7266 1
7267 2
7268 2
7269 3
7270 0
7271 2
7272 0
7273 3
7274 1
7275 4
7276 2
7277 0
7278 3
7279 3
7280 1
7281 2
7282 3
7283 2
7284 2
7285 3
7286 0
7287 2
7288 0
7289 3
7290 0
7291 3
7292 3
7293 1
7294 1
7295 2
7296 2
7297 2
7298 2
7299 1
7300 2
7301 1
7302 1
7303 2
7304 0
7305 1
7306 4
7307 4
7308 2
7309 3
7310 0
7311 2
7312 0
7313 1
7314 2
7315 4
7316 1
7317 2
7318 0
7319 2
7320 5
7321 2
7322 1
7323 3
7324 2
7325 1
7326 3
7327 3
7328 3
7329 2
7330 2
7331 3
7332 0
7333 0
7334 1
7335 2
7336 3
7337 2
7338 2
7339 0
7340 3
7341 2
7342 2
7343 3
7344 1
7345 2
7346 0
7347 1
7348 3
7349 2
7350 4
7351 3
7352 2
7353 3
7354 4
7355 4
7356 2
7357 3
7358 2
7359 1
7360 2
7361 4
7362 4
7363 3
7364 2
7365 2
7366 4
7367 2
7368 1
7369 3
7370 1
7371 0
7372 1
7373 1
7374 3
7375 3
7376 2
7377 2
7378 2
7379 2
7380 3
7381 1
7382 1
7383 3
7384 1
7385 3
7386 1
7387 4
7388 3
7389 3
7390 3
7391 3
7392 0
7393 3
7394 0
7395 4
7396 4
7397 2
7398 1
7399 4
7400 3
7401 2
7402 1
7403 2
7404 2
7405 3
7406 2
7407 3
7408 1
7409 0
7410 2
7411 3
7412 4
7413 1
7414 2
7415 3
7416 3
7417 1
7418 0
7419 2
7420 2
7421 1
7422 3
7423 3
7424 4
7425 1
7426 1
7427 0
7428 3
7429 4
7430 4
7431 3
7432 3
7433 5
7434 5
7435 2
7436 3
7437 2
7438 1
7439 4
7440 0
7441 0
7442 3
7443 4
7444 2
7445 3
7446 0
7447 2
7448 2
7449 3
7450 0
7451 2
7452 2
7453 2
7454 4
7455 1
7456 0
7457 0
7458 4
7459 2
7460 2
7461 1
7462 0
7463 2
7464 0
7465 2
7466 1
7467 0
7468 0
7469 4
7470 2
7471 3
7472 2
7473 0
7474 0
7475 4
7476 1
7477 1
7478 2
7479 1
7480 1
7481 3
7482 0
7483 2
7484 2
7485 4
7486 2
7487 1
7488 4
7489 2
7490 2
7491 3
7492 0
7493 0
7494 0
7495 0
7496 2
7497 2
7498 3
7499 2
7500 3
7501 5
7502 4
7503 3
7504 2
7505 4
7506 3
7507 2
7508 3
7509 0
7510 3
7511 3
7512 2
7513 0
7514 2
7515 3
7516 2
7517 3
7518 3
7519 3
7520 2
7521 3
7522 3
7523 1
7524 1
7525 0
7526 4
7527 2
7528 3
7529 3
7530 1
7531 4
7532 0
7533 3
7534 0
7535 3
7536 1
7537 1
7538 0
7539 4
7540 3
7541 2
7542 0
7543 2
7544 2
7545 1
7546 3
7547 3
7548 4
7549 0
7550 3
7551 4
7552 3
7553 1
7554 2
7555 4
7556 0
7557 3
7558 3
7559 3
7560 4
7561 2
7562 0
7563 0
7564 4
7565 0
7566 3
7567 3
7568 1
7569 2
7570 1
7571 1
7572 2
7573 2
7574 1
7575 3
7576 5
7577 4
7578 1
7579 1
7580 5
7581 3
7582 0
7583 3
7584 1
7585 2
7586 2
7587 3
7588 0
7589 3
7590 3
7591 0
7592 0
7593 1
7594 3
7595 2
7596 3
7597 2
7598 3
7599 0
7600 2
7601 4
7602 4
7603 2
7604 3
7605 1
7606 3
7607 1
7608 0
7609 0
7610 1
7611 3
7612 1
7613 5
7614 1
7615 1
7616 3
7617 5
7618 2
7619 4
7620 3
7621 0
7622 1
7623 1
7624 3
7625 2
7626 2
7627 1
7628 2
7629 0
7630 2
7631 1
7632 0
7633 1
7634 1
7635 1
7636 1
7637 0
7638 3
7639 1
7640 4
7641 1
7642 3
7643 4
7644 2
7645 3
7646 3
7647 0
7648 3
7649 3
7650 0
7651 2
7652 3
7653 1
7654 2
7655 4
7656 3
7657 4
7658 1
7659 1
7660 0
7661 2
7662 2
7663 2
7664 1
7665 1
7666 2
7667 4
7668 3
7669 2
7670 2
7671 4
7672 2
7673 0
7674 4
7675 2
7676 2
7677 0
7678 0
7679 4
7680 4
7681 0
7682 2
7683 1
7684 3
7685 3
7686 1
7687 2
7688 5
7689 0
7690 1
7691 1
7692 1
7693 0
7694 2
7695 3
7696 3
7697 3
7698 4
7699 2
7700 2
7701 0
7702 0
7703 1
7704 4
7705 4
7706 4
7707 3
7708 2
7709 1
7710 2
7711 4
7712 3
7713 1
7714 2
7715 3
7716 3
7717 3
7718 2
7719 0
7720 4
7721 1
7722 2
7723 1
7724 2
7725 2
7726 1
7727 4
7728 1
7729 2
7730 2
7731 3
7732 3
7733 1
7734 2
7735 1
7736 3
7737 3
7738 3
7739 3
7740 2
7741 0
7742 3
7743 2
7744 3
7745 0
7746 1
7747 0
7748 1
7749 3
7750 3
7751 0
7752 3
7753 2
7754 0
7755 2
7756 2
7757 1
7758 1
7759 2
7760 2
7761 3
7762 3
7763 3
7764 4
7765 4
7766 1
7767 1
7768 4
7769 3
7770 1
7771 3
7772 3
7773 3
7774 2
7775 3
7776 1
7777 2
7778 2
7779 5
7780 4
7781 0
7782 1
7783 1
7784 2
7785 4
7786 0
7787 2
7788 2
7789 3
7790 1
7791 0
7792 3
7793 3
7794 1
7795 5
7796 3
7797 0
7798 3
7799 2
7800 3
7801 3
7802 4
7803 2
7804 2
7805 1
7806 1
7807 2
7808 2
7809 3
7810 0
7811 4
7812 2
7813 3
7814 3
7815 0
7816 4
7817 2
7818 3
7819 2
7820 0
7821 3
7822 4
7823 1
7824 4
7825 4
7826 2
7827 3
7828 3
7829 1
7830 0
7831 2
7832 0
7833 3
7834 4
7835 2
7836 3
7837 1
7838 3
7839 1
7840 3
7841 0
7842 3
7843 3
7844 2
7845 0
7846 5
7847 3
7848 3
7849 3
7850 1
7851 4
7852 2
7853 3
7854 2
7855 3
7856 3
7857 3
7858 0
7859 3
7860 1
7861 2
7862 1
7863 1
7864 2
7865 1
7866 2
7867 1
7868 4
7869 4
7870 3
7871 4
7872 0
7873 2
7874 1
7875 3
7876 3
7877 2
7878 2
7879 2
7880 2
7881 2
7882 2
7883 3
7884 0
7885 3
7886 1
7887 4
7888 3
7889 1
7890 2
7891 3
7892 2
7893 0
7894 4
7895 1
7896 2
7897 2
7898 4
7899 2
7900 2
7901 2
7902 0
7903 3
7904 1
7905 1
7906 4
7907 2
7908 1
7909 1
7910 1
7911 0
7912 2
7913 1
7914 1
7915 2
7916 2
7917 1
7918 3
7919 3
7920 0
7921 2
7922 2
7923 1
7924 2
7925 3
7926 3
7927 3
7928 2
7929 1
7930 0
7931 1
7932 3
7933 4
7934 0
7935 2
7936 0
7937 1
7938 2
7939 4
7940 0
7941 4
7942 2
7943 0
7944 3
7945 2
7946 0
7947 4
7948 4
7949 0
7950 0
7951 3
7952 2
7953 2
7954 1
7955 1
7956 0
7957 0
7958 0
7959 1
7960 3
7961 2
7962 3
7963 1
7964 3
7965 1
7966 0
7967 0
7968 3
7969 0
7970 2
7971 3
7972 1
7973 1
7974 0
7975 2
7976 2
7977 0
7978 2
7979 0
7980 2
7981 0
7982 3
7983 3
7984 2
7985 0
7986 3
7987 4
7988 3
7989 4
7990 0
7991 0
7992 4
7993 3
7994 2
7995 0
7996 0
7997 3
7998 3
7999 5
8000 3
8001 2
8002 1
8003 0
8004 3
8005 2
8006 0
8007 1
8008 3
8009 2
8010 2
8011 1
8012 2
8013 4
8014 0
8015 3
8016 1
8017 0
8018 1
8019 2
8020 3
8021 2
8022 0
8023 1
8024 3
8025 0
8026 3
8027 1
8028 1
8029 5
8030 0
8031 2
8032 1
8033 3
8034 1
8035 0
8036 3
8037 4
8038 2
8039 1
8040 0
8041 4
8042 4
8043 4
8044 2
8045 4
8046 3
8047 2
8048 0
8049 2
8050 2
8051 1
8052 2
8053 0
8054 1
8055 1
8056 2
8057 3
8058 1
8059 5
8060 1
8061 2
8062 1
8063 0
8064 4
8065 1
8066 1
8067 0
8068 0
8069 0
8070 3
8071 4
8072 2
8073 1
8074 1
8075 0
8076 1
8077 3
8078 1
8079 3
8080 1
8081 3
8082 0
8083 0
8084 3
8085 2
8086 4
8087 1
8088 3
8089 0
8090 4
8091 0
8092 3
8093 2
8094 1
8095 3
8096 0
8097 1
8098 2
8099 3
8100 3
8101 3
8102 4
8103 0
8104 4
8105 3
8106 0
8107 4
8108 4
8109 2
8110 3
8111 0
8112 0
8113 3
8114 4
8115 3
8116 2
8117 5
8118 1
8119 4
8120 4
8121 0
8122 1
8123 6
8124 0
8125 4
8126 2
8127 1
8128 4
8129 3
8130 0
8131 3
8132 4
8133 4
8134 1
8135 3
8136 2
8137 1
8138 2
8139 0
8140 4
8141 1
8142 3
8143 2
8144 3
8145 3
8146 4
8147 2
8148 4
8149 1
8150 3
8151 1
8152 1
8153 2
8154 4
8155 1
8156 3
8157 0
8158 2
8159 4
8160 2
8161 3
8162 1
8163 0
8164 1
8165 4
8166 4
8167 3
8168 0
8169 1
8170 4
8171 2
8172 3
8173 4
8174 2
8175 0
8176 2
8177 5
8178 1
8179 4
8180 1
8181 2
8182 0
8183 2
8184 1
8185 2
8186 1
8187 2
8188 4
8189 1
8190 1
8191 1
8192 2
8193 4
8194 1
8195 3
8196 1
8197 1
8198 0
8199 4
8200 4
8201 5
8202 2
8203 1
8204 1
8205 3
8206 1
8207 1
8208 3
8209 2
8210 0
8211 2
8212 3
8213 0
8214 3
8215 3
8216 1
8217 1
8218 1
8219 0
8220 1
8221 0
8222 3
8223 1
8224 4
8225 4
8226 2
8227 4
8228 4
8229 2
8230 4
8231 5
8232 2
8233 0
8234 1
8235 3
8236 3
8237 3
8238 0
8239 0
8240 2
8241 1
8242 0
8243 4
8244 1
8245 1
8246 5
8247 3
8248 5
8249 3
8250 1
8251 0
8252 0
8253 3
8254 2
8255 4
8256 3
8257 2
8258 0
8259 0
8260 4
8261 5
8262 1
8263 2
8264 4
8265 2
8266 0
8267 2
8268 1
8269 2
8270 0
8271 0
8272 2
8273 2
8274 1
8275 1
8276 2
8277 2
8278 1
8279 0
8280 1
8281 3
8282 2
8283 2
8284 3
8285 2
8286 1
8287 3
8288 2
8289 1
8290 1
8291 3
8292 2
8293 2
8294 4
8295 3
8296 0
8297 1
8298 2
8299 2
8300 0
8301 3
8302 2
8303 1
8304 1
8305 3
8306 2
8307 4
8308 3
8309 2
8310 2
8311 2
8312 4
8313 4
8314 2
8315 0
8316 3
8317 4
8318 1
8319 2
8320 3
8321 1
8322 0
8323 1
8324 1
8325 1
8326 3
8327 0
8328 3
8329 4
8330 2
8331 3
8332 0
8333 3
8334 4
8335 4
8336 3
8337 1
8338 3
8339 0
8340 0
8341 2
8342 0
8343 1
8344 1
8345 0
8346 3
8347 2
8348 3
8349 0
8350 1
8351 2
8352 2
8353 1
8354 2
8355 3
8356 1
8357 2
8358 1
8359 0
8360 2
8361 3
8362 1
8363 3
8364 4
8365 0
8366 3
8367 1
8368 4
8369 1
8370 4
8371 4
8372 3
8373 2
8374 4
8375 4
8376 2
8377 3
8378 3
8379 4
8380 2
8381 4
8382 3
8383 5
8384 3
8385 2
8386 4
8387 1
8388 3
8389 2
8390 4
8391 1
8392 3
8393 2
8394 0
8395 0
8396 3
8397 4
8398 4
8399 4
8400 1
8401 3
8402 2
8403 1
8404 1
8405 1
8406 0
8407 1
8408 1
8409 2
8410 3
8411 3
8412 2
8413 1
8414 2
8415 3
8416 3
8417 1
8418 1
8419 2
8420 2
8421 1
8422 2
8423 3
8424 3
8425 1
8426 3
8427 0
8428 1
8429 0
8430 1
8431 1
8432 4
8433 3
8434 2
8435 1
8436 2
8437 0
8438 3
8439 0
8440 0
8441 1
8442 4
8443 2
8444 3
8445 2
8446 2
8447 5
8448 3
8449 3
8450 2
8451 5
8452 3
8453 4
8454 2
8455 2
8456 0
8457 3
8458 3
8459 3
8460 4
8461 2
8462 4
8463 1
8464 0
8465 2
8466 2
8467 0
8468 1
8469 0
8470 3
8471 5
8472 0
8473 0
8474 2
8475 2
8476 3
8477 1
8478 3
8479 2
8480 2
8481 3
8482 0
8483 1
8484 3
8485 1
8486 2
8487 2
8488 3
8489 0
8490 2
8491 1
8492 3
8493 0
8494 2
8495 3
8496 5
8497 3
8498 2
8499 2
8500 4
8501 4
8502 4
8503 2
8504 3
8505 1
8506 0
8507 1
8508 2
8509 3
8510 4
8511 1
8512 2
8513 2
8514 5
8515 3
8516 3
8517 1
8518 3
8519 2
8520 1
8521 3
8522 1
8523 3
8524 1
8525 1
8526 1
8527 0
8528 1
8529 4
8530 3
8531 3
8532 2
8533 3
8534 2
8535 3
8536 1
8537 4
8538 4
8539 1
8540 3
8541 4
8542 2
8543 0
8544 0
8545 0
8546 0
8547 0
8548 4
8549 3
8550 2
8551 3
8552 3
8553 0
8554 0
8555 2
8556 1
8557 0
8558 3
8559 4
8560 3
8561 2
8562 2
8563 3
8564 3
8565 2
8566 2
8567 0
8568 4
8569 4
8570 4
8571 2
8572 1
8573 0
8574 4
8575 2
8576 4
8577 3
8578 3
8579 3
8580 3
8581 0
8582 3
8583 5
8584 5
8585 3
8586 3
8587 2
8588 3
8589 3
8590 0
8591 1
8592 0
8593 4
8594 2
8595 2
8596 3
8597 2
8598 2
8599 1
8600 0
8601 2
8602 2
8603 2
8604 3
8605 4
8606 2
8607 1
8608 0
8609 4
8610 0
8611 1
8612 1
8613 1
8614 2
8615 4
8616 1
8617 3
8618 0
8619 1
8620 1
8621 0
8622 3
8623 3
8624 3
8625 3
8626 1
8627 1
8628 2
8629 2
8630 3
8631 2
8632 0
8633 0
8634 1
8635 2
8636 0
8637 2
8638 1
8639 2
8640 1
8641 1
8642 3
8643 1
8644 1
8645 1
8646 3
8647 3
8648 4
8649 1
8650 1
8651 0
8652 0
8653 1
8654 1
8655 2
8656 5
8657 2
8658 0
8659 3
8660 1
8661 4
8662 1
8663 1
8664 3
8665 1
8666 3
8667 4
8668 4
8669 2
8670 2
8671 2
8672 0
8673 3
8674 2
8675 1
8676 3
8677 3
8678 1
8679 0
8680 3
8681 3
8682 3
8683 0
8684 4
8685 1
8686 3
8687 0
8688 1
8689 2
8690 4
8691 0
8692 0
8693 4
8694 3
8695 4
8696 1
8697 4
8698 5
8699 2
8700 1
8701 3
8702 2
8703 2
8704 4
8705 1
8706 2
8707 3
8708 2
8709 1
8710 0
8711 1
8712 2
8713 3
8714 4
8715 2
8716 1
8717 0
8718 2
8719 1
8720 2
8721 3
8722 1
8723 2
8724 1
8725 4
8726 1
8727 1
8728 2
8729 0
8730 0
8731 4
8732 3
8733 4
8734 1
8735 0
8736 4
8737 1
8738 2
8739 2
8740 2
8741 3
8742 3
8743 4
8744 1
8745 4
8746 0
8747 3
8748 3
8749 3
8750 4
8751 3
8752 2
8753 4
8754 0
8755 3
8756 1
8757 5
8758 2
8759 2
8760 2
8761 4
8762 3
8763 1
8764 3
8765 4
8766 0
8767 4
8768 2
8769 4
8770 1
8771 0
8772 3
8773 5
8774 4
8775 3
8776 2
8777 1
8778 0
8779 1
8780 3
8781 2
8782 1
8783 1
8784 0
8785 3
8786 1
8787 0
8788 3
8789 3
8790 3
8791 2
8792 2
8793 1
8794 1
8795 2
8796 1
8797 1
8798 4
8799 0
8800 2
8801 2
8802 1
8803 4
8804 4
8805 2
8806 3
8807 2
8808 2
8809 0
8810 3
8811 1
8812 4
8813 2
8814 3
8815 4
8816 2
8817 1
8818 3
8819 1
8820 4
8821 3
8822 2
8823 2
8824 0
8825 1
8826 1
8827 5
8828 4
8829 1
8830 0
8831 3
8832 2
8833 0
8834 4
8835 2
8836 2
8837 0
8838 1
8839 1
8840 1
8841 3
8842 1
8843 3
8844 1
8845 2
8846 4
8847 2
8848 1
8849 0
8850 3
8851 3
8852 1
8853 2
8854 2
8855 1
8856 5
8857 2
8858 1
8859 4
8860 1
8861 5
8862 3
8863 2
8864 3
8865 3
8866 1
8867 0
8868 1
8869 1
8870 3
8871 2
8872 1
8873 5
8874 0
8875 3
8876 3
8877 1
8878 0
8879 4
8880 3
8881 3
8882 1
8883 0
8884 4
8885 0
8886 2
8887 0
8888 3
8889 0
8890 2
8891 0
8892 4
8893 4
8894 3
8895 1
8896 3
8897 1
8898 3
8899 2
8900 2
8901 3
8902 1
8903 3
8904 2
8905 4
8906 2
8907 3
8908 3
8909 1
8910 0
8911 2
8912 1
8913 2
8914 2
8915 3
8916 2
8917 2
8918 1
8919 4
8920 3
8921 3
8922 1
8923 1
8924 3
8925 4
8926 0
8927 0
8928 0
8929 0
8930 2
8931 4
8932 2
8933 2
8934 2
8935 1
8936 1
8937 1
8938 4
8939 1
8940 3
8941 3
8942 2
8943 1
8944 4
8945 2
8946 2
8947 2
8948 0
8949 0
8950 4
8951 5
8952 1
8953 2
8954 4
8955 3
8956 4
8957 1
8958 4
8959 2
8960 0
8961 1
8962 3
8963 0
8964 3
8965 3
8966 0
8967 1
8968 0
8969 0
8970 3
8971 2
8972 4
8973 4
8974 1
8975 0
8976 2
8977 3
8978 4
8979 1
8980 2
8981 3
8982 0
8983 0
8984 3
8985 1
8986 4
8987 3
8988 0
8989 1
8990 1
8991 3
8992 2
8993 1
8994 2
8995 1
8996 1
8997 0
8998 2
8999 0
9000 1
9001 1
9002 1
9003 4
9004 3
9005 1
9006 4
9007 2
9008 2
9009 0
9010 2
9011 0
9012 3
9013 3
9014 1
9015 2
9016 3
9017 2
9018 3
9019 4
9020 3
9021 2
9022 1
9023 1
9024 3
9025 0
9026 2
9027 1
9028 1
9029 1
9030 3
9031 1
9032 1
9033 2
9034 5
9035 2
9036 3
9037 2
9038 3
9039 1
9040 3
9041 2
9042 3
9043 0
9044 3
9045 0
9046 4
9047 3
9048 3
9049 5
9050 0
9051 5
9052 2
9053 1
9054 1
9055 4
9056 2
9057 1
9058 3
9059 0
9060 1
9061 0
9062 3
9063 0
9064 3
9065 3
9066 3
9067 4
9068 0
9069 4
9070 3
9071 2
9072 2
9073 3
9074 0
9075 2
9076 4
9077 4
9078 4
9079 3
9080 4
9081 0
9082 3
9083 4
9084 2
9085 2
9086 2
9087 2
9088 1
9089 2
9090 0
9091 1
9092 4
9093 2
9094 4
9095 3
9096 1
9097 3
9098 3
9099 2
9100 3
9101 4
9102 3
9103 0
9104 4
9105 2
9106 4
9107 2
9108 2
9109 4
9110 5
9111 2
9112 4
9113 0
9114 4
9115 0
9116 1
9117 2
9118 2
9119 4
9120 4
9121 3
9122 2
9123 1
9124 0
9125 3
9126 3
9127 2
9128 4
9129 1
9130 2
9131 1
9132 1
9133 4
9134 2
9135 3
9136 1
9137 2
9138 0
9139 4
9140 0
9141 0
9142 0
9143 5
9144 1
9145 1
9146 2
9147 1
9148 4
9149 1
9150 2
9151 1
9152 1
9153 2
9154 3
9155 1
9156 1
9157 0
9158 0
9159 1
9160 2
9161 0
9162 2
9163 0
9164 0
9165 1
9166 1
9167 2
9168 3
9169 4
9170 2
9171 0
9172 1
9173 1
9174 2
9175 2
9176 0
9177 4
9178 0
9179 3
9180 3
9181 2
9182 1
9183 4
9184 0
9185 0
9186 5
9187 1
9188 2
9189 2
9190 0
9191 0
9192 0
9193 1
9194 4
9195 1
9196 1
9197 3
9198 2
9199 1
9200 1
9201 3
9202 3
9203 0
9204 2
9205 4
9206 3
9207 0
9208 3
9209 2
9210 2
9211 1
9212 1
9213 0
9214 2
9215 3
9216 2
9217 1
9218 0
9219 4
9220 1
9221 4
9222 4
9223 1
9224 3
9225 1
9226 3
9227 4
9228 2
9229 0
9230 2
9231 1
9232 1
9233 3
9234 2
9235 5
9236 0
9237 2
9238 2
9239 0
9240 4
9241 3
9242 0
9243 2
9244 4
9245 2
9246 1
9247 0
9248 1
9249 2
9250 3
9251 2
9252 3
9253 1
9254 2
9255 1
9256 3
9257 2
9258 2
9259 2
9260 1
9261 2
9262 3
9263 2
9264 1
9265 2
9266 0
9267 0
9268 1
9269 3
9270 1
9271 4
9272 0
9273 2
9274 1
9275 4
9276 3
9277 1
9278 3
9279 5
9280 2
9281 2
9282 4
9283 3
9284 3
9285 0
9286 2
9287 4
9288 0
9289 0
9290 3
9291 0
9292 5
9293 4
9294 2
9295 0
9296 4
9297 4
9298 2
9299 3
9300 3
9301 4
9302 4
9303 2
9304 3
9305 2
9306 4
9307 3
9308 2
9309 3
9310 0
9311 5
9312 3
9313 4
9314 2
9315 0
9316 0
9317 0
9318 0
9319 2
9320 2
9321 0
9322 4
9323 0
9324 0
9325 4
9326 3
9327 1
9328 4
9329 3
9330 3
9331 2
9332 1
9333 1
9334 1
9335 4
9336 1
9337 4
9338 3
9339 4
9340 2
9341 2
9342 5
9343 1
9344 4
9345 4
9346 0
9347 3
9348 3
9349 4
9350 2
9351 2
9352 1
9353 2
9354 4
9355 3
9356 0
9357 0
9358 4
9359 0
9360 2
9361 4
9362 2
9363 1
9364 1
9365 3
9366 3
9367 4
9368 2
9369 4
9370 4
9371 0
9372 4
9373 2
9374 5
9375 4
9376 4
9377 1
9378 3
9379 1
9380 1
9381 5
9382 4
9383 2
9384 1
9385 1
9386 4
9387 2
9388 2
9389 2
9390 4
9391 1
9392 0
9393 4
9394 3
9395 4
9396 4
9397 1
9398 2
9399 3
9400 4
9401 3
9402 3
9403 5
9404 3
9405 3
9406 2
9407 4
9408 0
9409 3
9410 3
9411 3
9412 4
9413 4
9414 3
9415 4
9416 1
9417 1
9418 1
9419 3
9420 3
9421 1
9422 1
9423 3
9424 4
9425 0
9426 0
9427 1
9428 4
9429 3
9430 4
9431 5
9432 4
9433 2
9434 1
9435 1
9436 2
9437 3
9438 2
9439 1
9440 4
9441 2
9442 3
9443 3
9444 3
9445 2
9446 3
9447 5
9448 1
9449 3
9450 1
9451 3
9452 2
9453 2
9454 2
9455 3
9456 1
9457 2
9458 3
9459 4
9460 3
9461 3
9462 2
9463 4
9464 2
9465 4
9466 1
9467 2
9468 3
9469 3
9470 1
9471 4
9472 3
9473 2
9474 2
9475 5
9476 5
9477 0
9478 0
9479 4
9480 0
9481 4
9482 2
9483 3
9484 0
9485 2
9486 2
9487 4
9488 1
9489 2
9490 2
9491 3
9492 3
9493 3
9494 2
9495 3
9496 3
9497 1
9498 5
9499 1
9500 1
9501 3
9502 4
9503 1
9504 3
9505 0
9506 2
9507 2
9508 2
9509 0
9510 5
9511 2
9512 4
9513 5
9514 1
9515 3
9516 2
9517 1
9518 0
9519 5
9520 4
9521 0
9522 2
9523 1
9524 1
9525 0
9526 0
9527 4
9528 4
9529 4
9530 2
9531 0
9532 1
9533 2
9534 3
9535 0
9536 1
9537 0
9538 0
9539 2
9540 2
9541 1
9542 5
9543 1
9544 2
9545 4
9546 4
9547 4
9548 3
9549 3
9550 3
9551 4
9552 2
9553 0
9554 4
9555 3
9556 0
9557 3
9558 0
9559 1
9560 4
9561 3
9562 4
9563 2
9564 0
9565 0
9566 0
9567 2
9568 2
9569 3
9570 3
9571 4
9572 2
9573 4
9574 0
9575 0
9576 5
9577 4
9578 2
9579 3
9580 1
9581 2
9582 0
9583 2
9584 3
9585 4
9586 2
9587 2
9588 4
9589 2
9590 0
9591 2
9592 2
9593 2
9594 4
9595 3
9596 0
9597 3
9598 0
9599 1
9600 1
9601 1
9602 4
9603 5
9604 4
9605 0
9606 4
9607 3
9608 4
9609 1
9610 2
9611 3
9612 0
9613 1
9614 3
9615 4
9616 4
9617 4
9618 0
9619 3
9620 4
9621 3
9622 2
9623 1
9624 1
9625 6
9626 5
9627 3
9628 2
9629 5
9630 1
9631 3
9632 1
9633 4
9634 3
9635 0
9636 2
9637 4
9638 3
9639 2
9640 1
9641 0
9642 4
9643 3
9644 0
9645 0
9646 0
9647 4
9648 1
9649 2
9650 2
9651 0
9652 1
9653 2
9654 0
9655 1
9656 0
9657 1
9658 1
9659 4
9660 4
9661 0
9662 3
9663 3
9664 1
9665 0
9666 1
9667 3
9668 4
9669 3
9670 0
9671 4
9672 5
9673 3
9674 2
9675 4
9676 2
9677 3
9678 2
9679 3
9680 0
9681 3
9682 1
9683 2
9684 2
9685 4
9686 3
9687 1
9688 1
9689 3
9690 3
9691 0
9692 3
9693 1
9694 2
9695 0
9696 2
9697 3
9698 1
9699 0
9700 3
9701 1
9702 1
9703 2
9704 0
9705 1
9706 5
9707 4
9708 4
9709 4
9710 1
9711 2
9712 0
9713 3
9714 3
9715 1
9716 2
9717 4
9718 1
9719 0
9720 3
9721 3
9722 5
9723 6
9724 3
9725 1
9726 2
9727 5
9728 1
9729 4
9730 3
9731 2
9732 4
9733 3
9734 1
9735 1
9736 2
9737 5
9738 3
9739 3
9740 0
9741 1
9742 4
9743 1
9744 0
9745 1
9746 4
9747 4
9748 2
9749 5
9750 3
9751 3
9752 0
9753 1
9754 1
9755 2
9756 2
9757 3
9758 4
9759 1
9760 0
9761 3
9762 1
9763 1
9764 3
9765 3
9766 3
9767 4
9768 4
9769 5
9770 2
9771 3
9772 2
9773 0
9774 0
9775 2
9776 2
9777 0
9778 2
9779 0
9780 1
9781 5
9782 4
9783 0
9784 4
9785 2
9786 2
9787 0
9788 3
9789 2
9790 1
9791 5
9792 0
9793 5
9794 4
9795 2
9796 2
9797 1
9798 3
9799 0
9800 3
9801 5
9802 1
9803 0
9804 1
9805 0
9806 1
9807 1
9808 3
9809 5
9810 2
9811 4
9812 1
9813 2
9814 1
9815 3
9816 3
9817 2
9818 3
9819 4
9820 3
9821 2
9822 4
9823 1
9824 2
9825 0
9826 1
9827 3
9828 3
9829 0
9830 3
9831 2
9832 3
9833 3
9834 2
9835 3
9836 3
9837 2
9838 3
9839 2
9840 4
9841 1
9842 1
9843 0
9844 1
9845 4
9846 0
9847 3
9848 4
9849 1
9850 0
9851 0
9852 2
9853 3
9854 4
9855 2
9856 2
9857 3
9858 1
9859 1
9860 0
9861 2
9862 0
9863 3
9864 0
9865 2
9866 2
9867 4
9868 3
9869 2
9870 5
9871 1
9872 2
9873 3
9874 1
9875 5
9876 2
9877 2
9878 2
9879 4
9880 3
9881 4
9882 4
9883 3
9884 0
9885 4
9886 0
9887 5
9888 1
9889 4
9890 4
9891 4
9892 0
9893 1
9894 2
9895 1
9896 4
9897 3
9898 4
9899 3
9900 3
9901 3
9902 5
9903 1
9904 5
9905 2
9906 4
9907 3
9908 4
9909 3
9910 1
9911 3
9912 4
9913 3
9914 5
9915 1
9916 1
9917 3
9918 4
9919 4
9920 5
9921 1
9922 3
9923 3
9924 4
9925 1
9926 2
9927 1
9928 5
9929 1
9930 3
9931 4
9932 2
9933 2
9934 3
9935 3
9936 3
9937 4
9938 1
9939 6
9940 5
9941 3
9942 1
9943 5
9944 2
9945 2
9946 2
9947 4
9948 1
9949 1
9950 2
9951 2
9952 4
9953 0
9954 4
9955 0
9956 1
9957 1
9958 2
9959 1
9960 1
9961 5
9962 0
9963 4
9964 0
9965 3
9966 3
9967 0
9968 0
9969 2
9970 3
9971 4
9972 4
9973 4
9974 4
9975 4
9976 1
9977 5
9978 0
9979 1
9980 0
9981 1
9982 4
9983 1
9984 5
9985 0
9986 1
9987 2
9988 2
9989 4
9990 3
9991 5
9992 2
9993 2
9994 3
9995 1
9996 2
9997 3
9998 0
9999 3
Colors used: 7
Execution time: 11.837 ms
