Algorithm: Floyd-Warshall
0 18 23 38 28 34 48 37 23 31 INF 27 18 45 29 INF 48 37 34 42 39 27 32 26 INF 18 43 29 27 23 37 29 32 24 36 16 44 16 22 27 22 42 45 28 43 14 33 20 37 23 48 18 27 40 18 30 5 20 41 34 25 26 40 36 INF 44 59 43 48 40 19 36 35 20 57 34 39 50 22 19 20 23 27 30 17 32 36 3 42 28 26 23 39 20 44 56 21 37 INF 36 
7 0 5 20 19 20 30 19 5 14 INF 9 0 27 15 INF 30 23 23 24 30 9 14 8 INF 9 25 11 9 14 19 11 18 6 18 23 26 2 4 9 8 24 27 10 25 5 15 2 19 5 30 0 9 23 0 12 12 2 27 20 11 8 26 18 INF 26 42 25 30 22 1 18 21 2 39 20 21 32 4 1 2 9 13 16 -1 14 18 10 28 10 8 7 21 2 26 38 3 19 INF 18 
10 15 0 23 14 20 25 34 8 20 INF 16 7 23 18 INF 25 26 29 39 25 4 29 3 INF 4 32 6 4 20 26 6 21 1 25 25 21 5 7 16 11 19 22 25 20 11 18 17 26 7 33 3 4 29 3 7 11 17 30 23 14 10 29 25 INF 28 48 32 25 25 4 24 24 -3 35 23 17 27 7 4 9 12 16 19 2 17 13 9 31 17 23 10 16 -3 21 39 18 22 INF 25 
23 26 13 0 27 23 38 39 21 33 INF 29 20 36 31 INF 38 39 42 50 38 17 22 16 INF 17 40 19 17 33 39 19 34 13 38 38 34 18 20 6 24 32 35 36 33 24 31 28 16 20 46 16 17 42 16 20 24 28 43 36 27 23 42 15 INF 41 61 45 38 38 17 37 37 10 48 36 30 40 20 17 22 25 29 32 15 30 26 13 44 30 34 23 29 10 34 52 11 7 INF 38 
42 37 32 30 0 31 45 47 40 27 INF 46 37 26 50 INF 45 47 36 46 11 33 51 35 INF 15 48 26 36 47 45 38 27 33 44 20 53 37 39 30 43 39 42 47 40 42 41 39 39 18 53 35 15 36 35 39 43 39 51 44 46 21 35 38 INF 42 55 51 56 57 36 44 13 29 55 49 37 22 39 36 28 44 48 51 12 37 33 27 63 34 30 35 36 29 41 61 40 37 INF 55 
26 38 40 27 41 0 54 16 39 52 INF 47 38 52 53 INF 54 61 27 29 45 44 49 43 INF 31 17 35 44 16 55 46 56 40 54 42 61 40 26 33 46 48 51 48 49 34 53 40 35 36 37 38 33 61 38 47 31 40 48 58 49 39 64 42 INF 33 80 61 47 60 23 21 33 37 47 58 46 48 42 23 40 47 51 54 21 52 42 29 51 17 13 28 45 37 50 45 38 34 INF 56 
21 19 19 24 22 15 0 31 19 28 INF 23 14 27 10 INF 0 33 22 26 26 23 28 22 INF 12 30 16 23 24 33 25 7 20 32 35 40 16 7 11 22 29 32 24 30 15 29 16 4 17 18 14 14 22 14 26 26 16 29 30 25 20 15 20 INF 14 41 39 42 36 4 23 28 16 28 34 27 37 18 4 16 23 27 30 2 23 23 18 32 -2 10 21 26 16 31 26 17 22 INF 23 
32 37 42 49 39 45 57 0 30 46 INF 42 29 52 44 INF 57 52 53 51 50 46 51 40 INF 29 58 38 41 42 48 43 47 38 47 48 58 31 29 34 37 51 54 47 52 33 44 39 44 32 59 29 29 55 25 44 37 39 56 49 40 35 55 43 INF 55 74 54 57 47 26 5 17 34 64 49 46 59 29 26 31 38 42 45 24 43 45 35 57 39 35 32 48 34 53 67 40 44 INF 51 
2 8 13 19 18 18 30 27 0 16 INF 12 -1 26 14 INF 30 22 24 32 29 17 22 14 INF 8 28 12 15 13 18 17 17 12 17 18 32 1 3 12 7 25 28 18 26 4 14 10 22 13 29 -1 10 25 -1 18 7 10 26 19 10 16 25 21 INF 25 44 24 31 21 0 21 20 8 38 19 20 33 3 0 1 8 12 15 -2 13 19 5 27 9 16 2 22 8 27 37 11 18 INF 21 
30 35 29 16 29 35 40 50 28 0 INF 36 27 38 38 INF 40 20 9 46 39 33 38 18 INF 19 52 21 19 40 41 26 41 21 40 40 36 25 27 19 31 30 37 45 35 31 38 37 12 22 48 23 19 9 23 27 31 37 24 17 34 21 49 11 INF 27 28 47 29 45 22 32 41 17 41 43 32 42 27 24 29 32 36 39 20 10 28 26 51 34 30 30 31 24 32 54 27 23 INF 45 
39 37 35 53 30 36 53 52 37 50 0 46 36 49 51 INF 53 59 53 61 34 39 51 38 INF 20 53 34 39 42 54 41 50 36 53 43 56 38 36 46 44 47 50 47 48 33 51 39 56 35 61 36 32 59 32 42 44 39 19 56 47 38 58 55 INF 22 78 60 60 54 22 52 36 32 36 56 45 45 36 22 38 45 49 52 20 50 41 42 64 46 45 39 44 32 49 69 40 40 INF 55 
16 9 14 29 19 25 38 28 14 23 INF 0 9 34 24 INF 38 32 21 33 30 18 23 16 INF 9 16 19 17 10 14 20 14 15 13 32 34 11 13 18 17 32 35 19 33 5 24 11 28 14 39 9 17 29 9 21 21 11 22 29 20 17 22 27 INF 25 48 20 39 31 10 9 30 11 39 29 30 40 13 10 11 18 22 25 8 23 26 19 37 19 17 16 29 11 34 47 12 28 INF 9 
7 9 14 20 19 20 31 28 5 17 INF 13 0 27 15 INF 31 23 25 33 30 18 23 15 INF 9 29 13 16 14 19 18 18 13 18 23 33 2 4 13 8 26 29 19 27 5 15 11 23 14 30 0 11 26 0 19 12 11 27 20 11 17 26 22 INF 26 45 25 32 22 1 22 21 9 39 20 21 34 4 1 2 9 13 16 -1 14 20 10 28 10 17 7 23 9 28 38 12 19 INF 22 
39 44 29 47 24 30 31 41 37 44 INF 41 36 0 41 INF 31 55 53 57 28 33 58 32 INF 14 47 35 33 46 55 35 38 30 54 37 50 34 36 40 40 21 46 54 44 40 15 46 33 36 35 32 33 53 32 36 40 46 31 52 43 39 45 49 INF 16 72 61 54 54 33 26 30 26 30 52 46 39 36 33 38 41 27 48 29 46 42 38 49 29 41 39 18 26 23 43 47 28 INF 50 
11 13 9 24 23 5 34 21 9 18 INF 13 4 31 0 INF 34 27 25 34 34 13 18 12 INF 13 20 15 13 14 23 15 22 10 22 27 30 6 8 13 12 19 31 14 29 9 19 6 23 9 33 4 13 27 4 16 16 6 26 24 15 12 30 22 INF 29 46 29 34 26 5 13 25 6 43 24 25 36 8 5 6 13 17 20 3 18 22 14 32 14 18 11 16 6 21 41 7 23 INF 13 
INF INF INF INF INF INF INF INF INF INF INF INF INF INF INF 0 INF INF INF INF INF INF INF INF INF INF INF INF INF INF INF INF INF INF INF 18 INF INF INF INF INF INF INF INF INF INF INF INF INF INF INF INF INF INF INF INF INF INF INF INF INF INF INF INF INF INF INF INF INF INF INF INF INF INF INF INF INF INF INF INF INF INF INF INF INF INF INF 25 INF INF INF INF INF INF INF INF INF INF INF INF 
21 19 19 24 22 15 35 31 19 28 INF 23 14 27 10 INF 0 33 22 26 26 23 28 22 INF 12 30 16 23 24 33 25 7 20 32 35 40 16 7 11 22 29 32 24 30 15 29 16 4 17 18 14 14 22 14 26 26 16 29 30 25 20 15 20 INF 14 41 39 42 36 4 23 28 16 28 34 27 37 18 4 16 23 27 30 2 23 23 18 32 -2 10 21 26 16 31 26 17 22 INF 23 
10 15 20 23 15 21 33 30 8 20 INF 16 7 30 18 INF 33 0 29 39 19 24 29 18 INF 5 32 14 19 20 26 6 21 1 25 26 36 5 7 16 11 10 30 25 28 11 18 17 26 15 37 3 12 29 3 7 11 17 4 -3 14 18 29 25 INF 7 48 32 25 25 2 12 21 -3 21 23 24 30 7 4 9 12 16 19 0 17 21 9 31 17 23 10 24 12 12 45 18 17 INF 25 
63 68 63 61 31 37 76 53 71 58 INF 77 68 57 81 INF 76 78 0 66 42 64 82 66 INF 21 54 57 67 53 76 69 58 64 75 51 84 68 63 61 74 32 73 78 71 71 72 70 70 49 74 66 46 67 66 70 68 70 82 75 77 52 66 69 INF 70 86 82 20 88 60 58 44 60 84 80 68 53 70 60 59 75 79 82 43 68 64 58 88 54 50 40 67 60 72 82 71 18 INF 86 
21 24 11 -2 25 21 36 37 19 24 INF 27 18 23 29 INF 36 37 33 0 36 15 20 14 INF 15 38 17 15 31 32 17 32 11 31 17 32 16 18 4 22 30 33 34 31 22 29 26 14 18 16 14 15 33 14 18 22 26 41 34 25 21 40 13 INF 39 52 38 36 36 15 35 35 8 46 34 28 19 18 15 15 23 27 30 13 28 24 11 30 28 32 21 27 8 32 24 9 5 INF 36 
31 35 30 19 23 29 34 45 29 16 INF 37 28 15 39 INF 34 36 25 35 0 27 41 24 INF 13 46 15 25 41 35 27 16 22 34 9 42 26 28 19 32 28 31 40 29 32 30 37 28 16 42 24 13 25 24 28 32 37 40 33 35 19 24 27 INF 31 44 41 45 46 25 33 2 18 44 38 26 11 28 25 26 33 37 40 1 26 22 16 52 23 19 31 25 18 30 50 30 26 INF 46 
21 14 19 34 33 34 44 33 19 28 INF 23 14 41 29 INF 44 37 37 38 44 0 28 22 INF 23 39 25 23 28 22 25 32 20 21 37 40 16 18 23 22 38 41 24 39 19 29 16 33 19 44 14 23 37 14 26 26 16 41 34 25 22 40 32 INF 40 56 28 44 36 15 32 35 16 53 34 35 46 18 15 5 23 27 30 13 28 32 24 42 24 22 21 35 16 40 52 17 33 INF 32 
11 16 21 24 25 24 35 35 9 21 INF 17 8 31 19 INF 35 27 30 40 36 25 0 19 INF 15 33 17 20 21 27 22 22 17 26 27 37 6 8 17 12 30 33 26 31 12 19 18 27 18 38 4 15 30 4 23 16 18 31 24 15 21 29 26 INF 34 49 33 36 26 5 26 19 13 43 24 25 38 8 5 10 13 11 20 3 18 24 14 32 18 24 11 27 13 32 46 19 23 INF 26 
19 23 18 22 11 17 22 33 17 29 INF 25 16 20 27 INF 22 26 38 46 22 19 37 0 INF 1 34 3 13 29 23 15 29 10 22 22 18 14 16 13 20 16 19 28 17 20 26 25 23 4 30 12 1 38 12 16 20 25 30 23 23 7 37 22 INF 25 57 29 34 34 13 21 24 6 32 26 14 24 16 13 14 21 25 28 11 16 10 18 40 20 30 19 13 6 18 36 26 23 INF 34 
25 18 23 38 27 29 40 37 23 32 INF 27 18 38 33 INF 40 41 40 42 31 27 32 26 0 17 43 21 27 29 26 29 36 24 25 40 44 20 12 27 26 34 37 28 35 20 33 20 21 22 23 18 19 41 18 30 30 20 34 38 29 25 44 36 INF 19 60 32 48 40 9 36 33 20 33 38 32 42 22 9 9 27 31 34 7 32 28 28 37 3 26 25 31 20 36 31 21 27 INF 36 
42 47 42 40 10 16 55 32 50 37 INF 56 47 36 60 INF 55 57 43 45 21 43 61 45 INF 0 33 36 46 32 55 48 37 43 54 30 63 47 42 40 53 49 52 57 50 50 51 49 49 28 53 45 25 46 45 49 47 49 61 54 56 31 45 48 INF 49 65 61 63 67 39 37 23 39 63 59 47 32 49 39 38 54 58 61 22 47 43 37 67 33 29 44 46 39 51 61 50 47 INF 65 
9 27 32 47 37 43 57 46 32 40 INF 36 27 54 38 INF 57 46 10 51 48 36 41 35 INF 27 0 38 36 -1 46 38 41 33 45 25 53 25 31 36 31 42 54 37 52 23 42 29 46 32 57 27 36 49 27 39 14 29 50 43 34 35 49 45 INF 53 68 52 30 49 28 45 44 29 66 43 48 59 31 28 29 32 36 39 26 41 45 12 51 37 35 11 48 29 53 65 30 28 INF 45 
16 20 15 29 8 14 19 30 14 26 INF 22 13 17 24 INF 19 26 35 43 19 16 34 9 INF -2 31 0 10 26 20 12 26 7 19 19 27 11 13 22 17 13 16 25 14 17 24 22 23 1 27 9 -2 35 9 13 17 22 30 23 20 4 34 31 INF 22 54 26 31 31 10 18 21 3 29 23 11 21 13 10 11 18 22 25 8 23 7 15 37 17 27 16 10 3 15 35 23 20 INF 31 
18 19 17 21 10 16 21 32 16 28 INF 24 15 19 26 INF 21 25 37 43 21 18 33 -1 INF 0 33 2 0 28 22 14 28 9 21 21 17 13 15 12 19 15 18 27 16 19 25 21 22 3 29 11 0 37 11 15 19 21 29 22 22 6 36 21 INF 24 56 28 33 33 12 20 23 5 31 25 13 23 15 12 10 20 24 27 10 15 9 17 39 19 27 18 12 5 17 35 22 22 INF 33 
10 28 33 48 38 44 58 47 33 41 INF 37 28 55 39 INF 58 47 11 52 49 37 42 36 INF 28 53 39 37 0 47 39 42 34 46 26 54 26 32 37 32 43 55 38 53 24 43 30 47 33 58 28 37 50 28 40 15 30 51 44 35 36 50 46 INF 54 69 53 31 50 29 46 45 30 67 44 49 60 32 29 30 33 37 40 27 42 46 13 52 38 36 33 49 30 54 66 31 29 INF 46 
21 22 20 24 13 19 24 18 19 31 INF 27 18 22 29 INF 24 28 40 46 24 21 36 2 INF 3 36 5 3 31 0 17 31 12 -1 24 20 16 18 15 22 18 21 30 19 22 17 24 25 6 32 14 3 40 14 18 22 24 32 25 25 9 39 24 INF 27 59 6 36 26 15 10 26 8 34 28 16 26 18 15 13 23 27 30 13 18 12 20 42 22 30 21 15 8 20 38 25 25 INF 36 
18 20 25 31 30 31 42 39 16 28 INF 24 11 38 26 INF 42 34 36 44 41 29 34 26 INF 20 40 24 27 25 30 0 29 24 29 34 44 13 15 24 19 15 40 30 38 16 26 22 34 25 41 11 22 37 11 1 5 22 38 31 22 28 37 33 INF 37 56 36 19 33 12 33 32 20 50 31 32 45 15 12 13 20 24 27 10 25 31 3 39 21 28 18 34 20 39 49 23 17 INF 33 
31 28 30 17 31 30 44 46 29 29 INF 23 28 20 25 INF 44 26 15 19 35 34 39 24 INF 21 39 25 25 33 37 32 0 27 36 36 42 30 16 23 36 36 41 38 39 24 35 30 25 26 27 28 23 15 28 33 36 30 30 23 21 27 8 32 INF 23 34 43 35 50 13 32 31 23 37 48 36 38 32 13 30 19 23 26 11 16 32 30 38 7 3 31 35 27 38 35 28 24 INF 32 
13 18 23 30 27 27 38 37 11 27 INF 23 10 33 25 INF 38 33 34 42 38 27 32 21 INF 17 39 19 22 23 29 24 28 0 28 29 39 12 10 23 18 32 35 28 33 14 25 20 33 20 40 10 17 36 6 25 18 20 37 30 21 23 36 32 INF 36 55 35 38 28 7 32 31 15 45 30 27 40 10 7 12 19 23 26 5 24 26 16 38 20 26 13 29 15 34 48 21 25 INF 32 
51 46 43 58 45 43 34 19 49 60 INF 55 46 32 44 INF 34 63 56 60 49 45 60 37 INF 35 60 40 38 58 35 49 41 44 0 58 55 48 41 26 54 49 56 56 54 49 18 48 36 41 52 46 38 56 44 50 54 48 52 60 57 44 48 35 INF 37 75 7 37 27 38 24 36 40 44 63 26 60 48 38 48 55 30 62 36 53 47 33 66 32 44 51 50 40 55 60 49 35 INF 57 
INF INF INF INF INF INF INF INF INF INF INF INF INF INF INF INF INF INF INF INF INF INF INF INF INF INF INF INF INF INF INF INF INF INF INF 0 INF INF INF INF INF INF INF INF INF INF INF INF INF INF INF INF INF INF INF INF INF INF INF INF INF INF INF INF INF INF INF INF INF INF INF INF INF INF INF INF INF INF INF INF INF INF INF INF INF INF INF 7 INF INF INF INF INF INF INF INF INF INF INF INF 
18 20 16 27 16 22 24 38 16 25 INF 20 11 25 26 INF 24 31 34 44 27 20 25 5 INF 6 36 8 18 25 28 20 29 15 27 27 0 13 15 18 19 21 24 21 22 16 8 13 28 9 35 11 6 34 11 21 23 13 35 28 22 12 37 27 INF 30 53 34 39 33 12 26 28 11 37 31 19 29 15 12 13 20 20 27 10 21 15 3 24 21 28 18 18 11 23 18 14 28 INF 29 
24 20 22 31 30 18 44 34 22 15 INF 11 17 36 13 INF 44 21 24 35 40 26 31 25 INF 20 27 25 26 21 25 27 16 22 24 40 43 0 21 11 6 26 41 27 39 16 32 19 21 22 40 17 23 24 17 28 29 19 25 18 9 23 24 20 INF 28 43 31 44 39 18 20 19 18 42 18 36 46 21 18 19 7 11 14 16 25 32 18 26 23 19 24 23 19 28 48 20 33 INF 20 
15 12 17 32 17 17 28 31 13 26 INF 21 12 26 27 INF 28 35 28 36 28 21 26 18 INF 7 34 9 19 17 29 21 30 16 28 28 36 14 0 21 20 22 25 22 23 8 27 14 31 10 36 12 7 35 12 22 20 14 39 32 23 13 38 30 INF 31 54 35 40 34 -3 27 30 12 38 32 20 30 16 -3 14 21 25 28 -5 26 16 18 40 22 20 15 19 12 24 44 15 15 INF 30 
27 20 25 40 39 17 50 33 25 34 INF 29 20 47 35 INF 50 43 43 44 50 19 34 28 INF 29 34 31 29 33 39 31 38 26 38 43 46 22 24 0 28 44 47 30 45 25 35 22 10 25 50 20 29 43 20 32 32 22 47 40 31 28 46 9 INF 46 62 45 50 42 21 38 41 22 59 40 41 52 24 21 22 29 33 36 19 34 38 7 48 30 28 27 41 22 46 58 23 39 INF 38 
18 14 16 31 24 12 38 28 16 25 INF 5 11 35 7 INF 38 18 26 38 35 20 25 19 INF 14 21 19 20 15 19 22 19 17 18 34 37 13 15 5 0 23 35 21 33 10 26 13 15 16 37 11 17 34 11 23 23 13 22 15 3 17 23 14 INF 25 53 25 41 33 12 14 13 13 39 15 30 40 15 12 13 1 5 8 10 25 26 12 20 21 22 18 20 13 25 45 14 30 INF 14 
INF INF INF INF INF INF INF INF INF INF INF INF INF INF INF INF INF INF INF INF INF INF INF INF INF INF INF INF INF INF INF INF INF INF INF INF INF INF INF INF INF 0 INF INF INF INF INF INF INF INF INF INF INF INF INF INF INF INF INF INF INF INF INF INF INF INF INF INF INF INF INF INF INF INF INF INF INF INF INF INF INF INF INF INF INF INF INF INF INF INF INF INF INF INF INF INF INF 7 INF INF 
28 24 26 13 33 22 40 38 26 10 INF 15 21 9 17 INF 40 28 19 32 37 21 35 28 INF 23 31 29 29 25 29 32 29 26 28 3 46 23 25 8 10 30 0 9 43 20 24 23 18 26 40 21 27 19 21 33 33 23 32 25 13 27 33 17 INF 25 38 35 39 43 22 24 23 23 39 25 40 5 25 22 23 11 15 18 20 20 36 10 30 20 16 28 27 23 32 48 24 20 INF 24 
26 19 24 21 33 16 44 32 24 33 INF 28 19 42 34 INF 44 42 42 23 39 18 33 22 INF 23 33 25 23 32 20 30 37 25 19 17 40 21 20 -1 27 38 41 0 39 24 34 21 9 24 31 19 23 42 19 31 31 21 42 39 30 27 45 8 INF 27 61 26 49 41 17 30 40 21 41 39 36 42 23 17 21 28 32 35 15 33 32 6 45 11 7 26 35 21 40 39 22 28 INF 37 
27 20 25 15 21 24 42 39 25 12 INF 17 20 11 19 INF 42 30 21 34 25 23 34 28 INF 11 33 31 29 27 28 31 31 26 27 5 46 22 24 10 12 32 2 11 0 22 26 22 20 25 42 20 29 21 20 32 32 22 28 27 15 28 35 19 INF 13 40 34 41 42 21 26 25 22 27 27 41 7 24 21 11 13 17 20 19 22 38 12 32 22 18 27 29 22 34 50 23 22 INF 26 
11 4 9 24 14 20 34 23 9 18 INF 13 4 31 19 INF 34 27 20 28 25 13 18 12 INF 4 29 15 13 9 23 15 22 10 22 27 30 6 8 13 12 28 31 14 29 0 19 6 23 9 34 4 13 27 4 16 16 6 31 24 15 12 30 22 INF 30 46 29 34 26 5 22 25 6 43 24 25 36 8 5 6 13 17 20 3 18 22 14 32 14 12 11 25 6 30 42 7 23 INF 22 
37 35 35 40 38 31 16 47 35 44 INF 39 30 42 26 INF 16 49 38 42 42 39 44 38 INF 28 46 32 39 40 49 41 23 36 48 51 56 32 23 27 38 45 48 40 46 31 0 32 20 33 34 30 30 38 30 42 42 32 45 46 41 36 30 36 INF 30 57 55 58 52 20 39 20 32 44 50 43 53 34 20 32 39 12 46 18 39 39 34 48 14 26 37 42 32 47 42 33 38 INF 39 
5 7 3 18 17 18 28 26 3 12 INF 7 -2 25 13 INF 28 21 21 31 28 7 12 6 INF 7 23 9 7 12 17 9 16 4 16 21 24 0 2 7 6 22 25 8 23 3 13 0 17 3 28 -2 7 21 -2 10 10 0 25 18 9 6 24 16 INF 24 40 23 28 20 -1 16 19 0 37 18 19 30 2 -1 0 7 11 14 -3 12 16 8 26 8 15 5 19 0 24 36 1 17 INF 16 
34 27 32 32 46 24 57 40 32 41 INF 36 27 54 42 INF 57 50 50 34 50 26 41 35 INF 36 41 38 36 40 46 38 45 33 45 50 53 29 31 7 35 51 54 37 52 32 42 29 0 32 42 27 36 50 27 39 39 29 53 47 38 35 53 16 INF 38 69 52 57 49 28 45 48 29 52 47 48 53 31 28 29 36 40 43 26 41 45 14 55 22 18 34 48 29 53 50 30 39 INF 45 
24 29 14 37 28 34 39 48 22 34 INF 30 21 37 32 INF 39 40 41 53 39 15 43 17 INF 18 46 20 18 30 37 20 35 15 36 39 35 19 21 30 25 33 36 39 34 25 32 31 40 0 47 17 18 43 17 21 25 31 44 37 28 3 43 39 INF 42 62 43 39 39 18 38 38 11 49 37 31 41 21 18 20 26 30 33 16 31 27 23 45 31 37 17 30 11 35 53 32 36 INF 39 
27 20 25 30 25 22 36 38 25 34 INF 29 20 34 35 INF 36 42 36 32 36 24 34 16 INF 15 39 17 17 25 37 29 38 24 36 36 34 22 24 5 28 30 33 30 31 16 35 22 -2 18 0 20 15 43 20 30 32 22 34 39 31 21 46 14 INF 36 62 43 48 42 5 35 38 20 46 40 28 38 24 5 22 29 33 36 3 32 24 12 14 20 16 27 27 20 32 8 23 23 INF 38 
7 12 17 20 21 20 31 31 5 17 INF 13 4 27 15 INF 31 23 26 36 32 21 26 15 INF 11 29 13 16 17 23 18 18 13 22 23 33 2 4 13 8 26 29 22 27 8 15 14 23 14 34 0 11 26 0 19 12 14 27 20 11 17 26 22 INF 30 45 29 32 22 1 22 21 9 39 20 21 34 4 1 6 9 13 16 -1 14 20 10 28 14 20 7 23 9 28 42 15 19 INF 22 
27 22 17 40 10 16 42 32 25 36 INF 31 22 36 35 INF 42 43 43 45 21 18 36 20 INF 0 33 23 21 32 30 23 37 18 29 30 38 22 24 31 28 36 39 32 37 27 35 24 41 3 50 20 0 45 20 24 28 24 47 40 31 6 45 40 INF 45 64 36 42 42 21 37 23 14 52 40 34 32 24 21 13 29 33 36 19 34 30 26 48 32 29 20 33 14 38 56 25 39 INF 40 
21 26 20 7 20 26 31 41 19 14 INF 27 18 29 29 INF 31 11 0 50 30 24 29 9 INF 10 43 12 10 31 32 17 32 12 31 31 27 16 18 13 22 21 28 36 26 22 29 28 23 13 39 14 10 0 14 18 22 28 15 8 25 12 40 22 INF 18 19 38 20 36 13 23 32 8 32 34 23 33 18 15 20 23 27 30 11 1 19 20 42 28 34 21 22 15 23 45 18 14 INF 36 
7 12 17 24 21 21 32 31 5 21 INF 17 4 27 19 INF 32 27 28 36 32 21 26 15 INF 11 33 13 16 17 23 18 22 13 22 23 33 6 4 17 12 26 29 22 27 8 19 14 27 14 34 4 11 30 0 19 12 14 31 24 15 17 30 26 INF 30 49 29 32 22 1 26 25 9 39 24 21 34 4 1 6 13 17 20 -1 18 20 10 32 14 20 7 23 9 28 42 15 19 INF 26 
45 63 61 59 29 35 74 51 68 56 INF 72 63 55 74 INF 74 76 46 64 40 62 77 64 INF 19 52 55 65 35 74 67 56 62 73 49 82 61 61 59 67 14 71 73 69 59 70 65 68 47 72 63 44 65 63 0 4 65 80 73 70 50 64 67 INF 68 84 80 18 85 58 56 42 58 82 78 66 51 67 58 57 68 72 75 41 66 62 2 86 52 48 22 65 58 70 80 66 16 INF 81 
41 59 64 79 69 75 89 78 64 72 INF 68 59 86 70 INF 89 78 42 83 80 68 73 67 INF 59 84 70 68 31 78 70 73 65 77 57 85 57 63 68 63 74 86 69 84 55 74 61 78 64 89 59 68 81 59 71 0 61 82 75 66 67 81 77 INF 85 100 84 62 81 60 77 76 61 98 75 80 91 63 60 61 64 68 71 58 73 77 -2 83 69 67 18 80 61 85 97 62 60 INF 77 
13 18 3 26 17 23 28 37 11 12 INF 19 10 26 21 INF 28 29 21 31 28 7 12 6 INF 7 35 9 7 23 28 9 24 4 19 25 24 8 10 7 14 22 25 8 23 14 21 20 17 3 36 6 7 21 6 10 14 0 33 26 17 6 32 16 INF 31 40 26 28 28 7 27 27 0 38 26 20 30 10 7 12 15 19 22 5 20 16 12 34 19 15 13 19 0 24 42 1 25 INF 28 
20 18 16 34 11 17 34 33 18 31 INF 27 17 30 32 INF 34 40 34 42 15 20 32 19 INF 1 34 15 20 23 35 22 31 17 34 24 37 19 17 27 25 28 31 28 29 14 32 20 37 16 42 17 13 40 13 23 25 20 0 37 28 19 39 36 INF 3 59 41 41 35 3 33 17 13 17 37 26 26 17 3 19 26 30 33 1 31 22 23 45 27 26 20 25 13 30 50 21 21 INF 36 
13 18 23 26 25 26 36 33 11 23 INF 19 10 33 21 INF 36 29 32 42 36 27 32 21 INF 15 35 17 22 23 29 9 24 4 28 29 39 8 10 19 14 13 33 28 31 14 21 20 29 18 40 6 15 32 6 10 14 20 33 0 17 21 32 28 INF 36 51 35 28 28 5 15 27 0 45 26 27 38 10 7 12 15 19 22 3 20 24 12 34 20 26 13 27 15 15 48 21 20 INF 28 
15 11 13 28 21 9 35 25 13 22 INF 2 8 32 4 INF 35 31 23 35 32 17 22 16 INF 11 18 16 17 12 16 19 16 14 15 31 34 10 12 2 16 23 32 18 30 7 23 10 12 13 37 8 14 31 8 20 20 10 24 28 0 14 20 11 INF 27 50 22 38 30 9 11 10 10 41 28 27 37 12 9 10 -2 2 5 7 22 23 9 17 18 19 15 20 10 25 45 11 27 INF 11 
35 39 34 38 27 33 38 49 33 45 INF 41 32 36 43 INF 38 42 38 62 38 35 53 16 INF 17 50 19 29 27 39 31 45 26 38 38 34 30 32 29 36 32 35 44 33 36 42 41 39 20 46 28 17 54 28 32 36 41 46 39 39 0 53 38 INF 41 73 45 50 50 29 37 40 22 48 42 30 40 32 29 30 37 41 44 27 32 26 34 56 36 46 14 29 22 34 52 42 39 INF 50 
28 24 26 41 34 22 43 38 26 35 INF 15 21 12 17 INF 43 44 36 48 40 30 35 29 INF 24 31 29 30 25 29 32 29 27 28 44 47 23 25 15 29 33 45 31 43 20 27 23 25 26 47 21 27 44 21 33 33 23 37 41 13 27 0 24 INF 28 63 35 51 43 22 24 23 23 42 41 40 50 25 22 23 11 15 18 20 35 36 22 30 31 32 28 30 23 35 55 24 40 INF 24 
32 28 33 33 46 25 56 41 30 42 INF 37 28 52 40 INF 56 48 51 35 51 27 42 36 INF 36 42 38 37 41 47 28 43 23 46 48 54 27 29 8 33 43 54 38 52 33 40 30 1 33 43 25 36 51 25 29 33 30 52 45 36 36 51 0 INF 39 70 53 47 47 26 46 46 19 53 45 46 54 29 26 30 34 38 41 24 39 45 15 53 23 19 32 48 30 53 51 31 40 INF 46 
16 17 22 27 21 19 33 35 14 26 INF 22 13 31 24 20 33 32 33 29 25 21 31 13 INF 11 36 14 14 22 32 12 27 7 31 32 31 11 6 2 17 17 30 27 28 13 24 19 -5 15 -3 9 12 35 9 3 7 19 28 29 20 18 35 11 0 13 54 38 21 31 2 31 27 3 27 29 25 35 13 2 15 18 22 25 0 23 21 5 11 -3 13 16 24 17 29 5 20 19 INF 31 
23 28 13 31 8 14 38 30 21 28 INF 29 20 27 31 INF 38 39 37 43 12 17 42 16 INF -2 31 19 17 30 39 19 28 14 38 21 34 18 20 29 24 32 30 38 28 24 31 30 39 20 46 16 17 37 16 20 24 30 15 36 27 23 36 38 INF 0 56 45 38 38 17 35 14 10 14 36 30 23 20 17 22 25 29 32 13 30 26 22 44 30 27 23 29 10 34 52 31 35 INF 38 
19 25 30 36 20 26 47 42 17 33 INF 29 16 43 31 INF 47 39 41 49 31 34 39 31 INF 10 43 29 32 30 35 34 34 29 34 35 49 18 20 29 24 29 45 35 43 21 31 27 39 30 46 16 27 42 16 35 20 27 43 36 27 33 42 38 INF 42 0 41 17 38 17 38 33 25 55 36 37 42 20 17 18 25 29 32 15 30 36 18 44 26 33 19 39 25 44 54 28 15 INF 38 
44 39 36 51 38 36 27 12 42 53 INF 48 39 25 37 INF 27 56 49 53 42 38 53 30 INF 28 53 33 31 51 28 42 34 37 27 51 48 41 34 19 47 42 49 49 47 42 11 41 29 34 45 39 31 49 37 43 47 41 45 53 50 37 41 28 INF 30 68 0 30 20 31 17 29 33 37 56 19 53 41 31 41 48 23 55 29 46 40 26 59 25 37 44 43 33 48 53 42 28 INF 50 
43 48 43 41 11 17 56 33 51 38 INF 57 48 37 61 INF 56 58 44 46 22 44 62 46 INF 1 34 37 47 33 56 49 38 44 55 31 64 48 43 41 54 12 53 58 51 51 52 50 50 29 54 46 26 47 46 50 48 50 62 55 57 32 46 49 INF 50 66 62 0 68 40 38 24 40 64 60 48 33 50 40 39 55 59 62 23 48 44 38 68 34 30 20 47 40 52 62 51 -2 INF 66 
26 30 16 32 18 24 32 26 24 36 INF 32 23 5 34 INF 32 36 45 53 22 20 44 10 INF 8 41 13 11 36 8 22 37 17 7 31 28 21 23 23 27 22 29 38 27 27 20 32 33 14 40 19 11 45 19 23 27 32 25 33 30 17 45 32 INF 10 64 14 10 0 20 18 24 13 17 36 -1 33 23 20 21 28 32 35 18 26 20 25 47 30 37 26 23 13 28 46 33 8 INF 41 
28 32 27 41 20 26 31 42 26 38 INF 34 25 29 36 INF 31 38 47 55 31 28 46 21 INF 10 43 12 22 38 32 24 38 19 31 31 39 23 25 34 29 25 28 37 26 29 36 34 35 13 39 21 10 47 21 25 29 34 42 35 32 16 46 43 INF 34 66 38 43 43 0 30 33 15 41 35 23 33 25 22 23 30 34 37 -2 35 19 27 49 29 39 28 22 15 27 47 35 32 INF 43 
27 32 37 44 41 41 52 51 25 41 INF 37 24 47 39 INF 52 47 48 56 52 41 46 35 INF 31 53 33 36 37 43 38 42 33 42 43 53 26 24 37 32 46 49 42 47 28 39 34 47 34 54 24 31 50 20 39 32 34 51 44 35 37 50 46 INF 50 69 49 52 42 21 0 45 29 59 44 41 54 24 21 26 33 37 40 19 38 40 30 52 34 40 27 43 29 48 62 35 39 INF 46 
39 34 29 32 22 28 54 44 37 48 INF 43 34 48 47 INF 54 55 55 34 33 30 48 32 INF 12 45 35 33 44 42 35 49 30 41 42 50 34 31 17 40 48 51 44 49 39 47 36 27 15 42 32 12 57 32 36 40 36 53 52 43 18 57 26 INF 38 76 48 54 54 28 49 0 26 52 52 46 44 36 28 25 41 45 48 26 46 42 24 56 22 18 32 45 26 50 50 37 39 INF 52 
13 18 23 26 27 26 37 37 11 23 INF 19 10 33 21 INF 37 29 32 42 38 27 32 21 INF 17 35 19 22 23 29 9 24 4 28 29 39 8 10 19 14 24 35 28 33 14 21 20 29 20 40 6 17 32 6 10 14 20 33 26 17 23 32 28 INF 36 51 35 28 28 7 28 27 0 45 26 27 40 10 7 12 15 19 22 5 20 26 12 34 20 26 13 29 15 34 48 21 25 INF 28 
9 14 -1 22 13 19 24 33 7 19 INF 15 6 22 17 INF 24 25 28 38 24 3 28 2 INF 3 31 5 3 19 25 5 20 0 24 19 20 4 6 15 10 18 16 24 14 10 17 16 25 6 32 2 3 28 2 6 10 16 29 22 13 9 28 24 INF 27 47 31 24 24 3 23 23 -4 0 22 16 21 6 3 8 11 15 18 1 16 12 8 30 16 22 9 15 -4 20 38 17 21 INF 24 
13 18 23 26 18 24 36 28 11 23 INF 19 10 33 21 INF 36 3 32 42 22 27 32 21 INF 8 35 17 22 23 29 9 24 4 28 29 39 8 10 19 14 8 33 28 31 14 21 20 20 18 22 6 15 32 6 10 14 20 7 0 17 21 32 28 INF 10 51 35 28 28 5 13 24 0 24 0 27 33 10 7 12 15 19 22 3 20 24 12 34 20 26 13 5 15 10 30 21 15 INF 28 
27 31 17 33 19 25 33 27 25 37 INF 33 24 6 35 INF 33 37 46 54 23 21 45 11 INF 9 42 14 12 37 9 23 38 18 8 32 29 22 24 24 28 27 30 39 28 28 21 33 34 15 41 20 12 46 20 24 28 33 26 34 31 18 46 33 INF 11 65 15 42 35 21 19 25 14 18 37 0 34 24 21 22 29 33 36 19 27 21 26 48 31 38 27 24 14 29 47 34 34 INF 42 
31 30 21 8 28 31 35 45 29 5 INF 37 28 4 39 INF 35 25 14 51 32 16 30 23 INF 18 48 26 24 41 38 27 42 21 37 -2 41 26 28 14 32 25 42 40 40 32 19 32 17 27 39 24 24 14 24 28 32 32 29 22 35 26 49 16 INF 20 33 44 34 46 25 30 34 18 34 44 37 0 28 25 21 33 31 40 23 15 33 5 52 33 35 31 22 18 27 47 19 15 INF 46 
15 8 13 28 18 24 33 27 13 22 INF 17 8 23 23 INF 33 31 24 32 29 17 22 11 INF 8 33 14 12 13 26 14 26 9 25 31 29 10 12 17 16 27 30 18 28 4 23 10 27 13 38 8 12 31 8 15 19 10 35 28 19 16 34 26 INF 28 50 32 28 18 9 26 29 5 35 28 17 35 0 9 10 17 21 24 7 22 21 17 36 18 16 15 24 5 29 46 11 26 INF 26 
22 15 20 35 20 20 31 34 20 29 INF 24 15 29 30 INF 31 38 31 39 31 24 29 21 INF 10 37 12 22 20 32 24 33 19 31 31 39 17 19 24 23 25 28 25 26 11 30 17 34 13 39 15 10 38 15 25 27 17 42 35 26 16 41 33 INF 34 57 38 43 37 0 30 33 15 41 35 23 33 19 0 17 24 28 31 -2 29 19 25 43 25 23 22 22 15 27 47 18 18 INF 33 
16 9 14 29 28 29 39 28 14 23 INF 18 9 36 24 INF 39 32 32 33 39 18 23 17 INF 18 34 20 18 23 17 20 27 15 16 32 35 11 13 18 17 33 36 19 34 14 24 11 28 14 39 9 18 32 9 21 21 11 36 29 20 17 35 27 INF 35 51 23 39 31 10 27 30 11 48 29 30 41 13 10 0 18 22 25 8 23 27 19 37 19 17 16 30 11 35 47 12 28 INF 27 
20 13 18 33 23 29 42 32 18 27 INF 4 13 34 28 INF 42 36 25 37 34 22 27 20 INF 13 20 23 21 14 18 24 18 19 17 36 38 15 17 22 21 36 39 23 37 9 28 15 32 18 43 13 21 33 13 25 25 15 26 33 24 16 22 31 INF 29 52 24 43 35 14 13 12 15 43 33 34 44 17 14 15 0 4 29 12 27 30 23 41 23 21 20 33 15 38 51 16 32 INF 13 
42 42 37 40 30 36 45 52 40 52 INF 33 39 30 35 INF 45 52 54 42 41 38 53 35 INF 20 49 26 36 43 46 38 47 33 45 45 53 37 39 25 43 39 42 49 40 38 45 41 35 23 50 35 20 61 35 39 43 41 55 49 31 26 18 34 INF 46 80 52 57 57 36 42 8 29 55 49 37 47 39 36 33 29 0 36 12 49 33 32 48 30 26 40 36 29 41 58 42 46 INF 42 
10 12 8 23 19 4 30 20 8 17 INF 12 3 28 -1 INF 30 26 24 33 30 12 17 11 INF 9 19 11 12 13 22 14 21 9 21 26 29 5 7 -3 11 18 27 13 25 8 18 5 7 8 32 3 9 26 3 15 15 5 25 23 14 11 29 6 INF 28 45 28 33 25 4 12 24 5 40 23 22 32 7 4 5 12 16 0 2 17 18 4 31 13 17 10 15 5 20 40 6 22 INF 12 
30 34 29 43 22 28 33 44 28 40 INF 36 27 31 38 INF 33 40 49 57 33 30 48 23 INF 12 45 14 24 40 34 26 40 21 33 33 41 25 27 36 31 27 30 39 28 31 38 36 37 15 41 23 12 49 23 27 31 36 44 37 34 18 48 45 INF 36 68 40 45 45 24 32 35 17 43 37 25 35 27 24 25 32 36 39 0 37 21 29 51 31 41 30 24 17 29 49 37 34 INF 45 
20 25 19 6 25 29 43 40 18 13 INF 26 17 40 28 INF 43 10 22 49 29 23 28 22 INF 15 42 24 23 30 36 16 31 11 35 36 40 15 17 12 21 20 40 35 38 21 28 27 22 25 47 13 22 22 13 17 21 27 14 7 24 28 39 21 INF 17 41 42 35 35 12 22 31 7 31 33 34 40 17 14 19 22 26 29 10 0 31 19 41 27 33 20 34 16 22 55 17 13 INF 35 
25 27 21 36 23 27 12 26 23 32 INF 26 18 10 22 INF 12 19 34 38 27 25 32 15 INF 13 42 18 16 32 13 25 19 20 12 36 33 20 19 23 26 6 34 28 32 23 25 20 16 19 20 18 16 34 18 26 30 20 23 16 29 22 27 32 INF 15 53 19 44 39 16 11 29 16 22 16 4 38 22 16 20 27 31 34 14 31 0 28 34 10 22 25 3 18 8 28 21 13 INF 35 
INF INF INF INF INF INF INF INF INF INF INF INF INF INF INF INF INF INF INF INF INF INF INF INF INF INF INF INF INF INF INF INF INF INF INF INF INF INF INF INF INF INF INF INF INF INF INF INF INF INF INF INF INF INF INF INF INF INF INF INF INF INF INF INF INF INF INF INF INF INF INF INF INF INF INF INF INF INF INF INF INF INF INF INF INF INF INF 0 INF INF INF INF INF INF INF INF INF INF INF INF 
21 22 20 24 13 19 24 35 19 31 INF 27 18 22 29 INF 24 28 40 46 24 21 30 2 INF 3 36 5 3 31 25 17 31 12 24 24 20 16 18 15 22 18 21 30 19 22 28 24 25 6 32 14 3 40 14 18 22 24 20 25 25 9 39 24 INF 23 59 31 36 36 15 23 26 8 34 28 16 26 18 15 13 23 27 30 13 18 12 20 0 22 30 21 15 8 20 38 19 25 INF 36 
24 21 26 41 24 26 37 40 22 35 INF 30 21 35 36 INF 37 44 37 45 28 30 35 27 INF 14 43 18 28 26 38 30 39 25 37 37 45 23 9 25 29 31 34 31 32 17 36 23 18 19 20 21 16 44 21 31 29 23 31 41 32 22 47 34 INF 16 63 44 49 43 6 36 30 21 30 41 29 39 25 6 23 30 34 37 4 35 25 27 34 0 29 24 28 21 33 28 24 24 INF 39 
28 25 27 14 28 30 41 44 26 39 INF 34 25 39 40 INF 41 48 41 16 32 31 36 30 INF 18 47 22 31 30 42 33 43 27 41 33 48 27 13 20 33 35 38 35 36 21 40 27 22 23 24 25 20 48 25 34 33 27 35 45 36 26 51 29 INF 20 67 48 52 47 10 40 34 24 34 45 33 35 29 10 27 34 38 41 8 39 29 27 38 4 0 28 32 24 37 32 25 21 INF 43 
23 41 46 61 51 57 71 60 46 54 INF 50 41 68 52 INF 71 60 24 65 62 50 55 49 INF 41 66 52 50 13 60 52 55 47 59 39 67 39 45 50 45 56 68 51 66 37 56 43 60 46 71 41 50 63 41 53 28 43 64 57 48 49 63 59 INF 67 82 66 44 63 42 59 58 43 80 57 62 73 45 42 43 46 50 53 40 55 59 26 65 51 49 0 62 43 67 79 44 42 INF 59 
35 32 37 47 42 39 53 23 33 46 INF 23 32 51 47 INF 53 55 44 49 53 41 46 33 INF 32 39 34 34 33 37 43 37 38 36 51 51 34 32 22 40 3 50 42 48 28 47 34 15 35 17 32 32 52 28 44 40 34 45 52 43 38 45 31 INF 48 71 43 60 50 22 8 40 34 62 52 45 55 32 22 34 41 45 48 20 46 41 29 31 37 33 35 0 34 5 25 35 10 INF 32 
13 18 23 26 17 23 28 37 11 23 INF 19 10 26 21 INF 28 29 32 42 28 25 32 6 INF 7 35 9 7 23 29 9 24 4 28 28 24 8 10 19 14 22 25 28 23 14 21 20 29 10 36 6 7 32 6 10 14 20 33 26 17 13 32 28 INF 31 51 35 28 28 7 27 27 0 38 26 20 30 10 7 12 15 19 22 5 20 16 12 34 20 26 13 19 0 24 42 21 25 INF 28 
30 27 32 47 37 43 55 18 28 41 INF 18 27 50 42 INF 55 50 39 51 48 36 41 34 INF 27 34 36 35 28 32 38 32 33 31 46 52 29 27 36 35 -2 52 37 50 23 42 29 46 32 57 27 34 47 23 39 35 29 40 47 38 35 40 45 INF 43 66 38 55 45 24 3 35 29 57 47 44 57 27 24 29 36 40 43 22 41 43 33 55 37 35 30 46 29 0 65 30 5 INF 27 
19 12 17 30 17 17 28 31 17 26 INF 21 12 26 27 INF 28 34 28 36 28 21 26 8 INF 7 34 9 9 17 29 21 30 16 28 28 26 14 16 21 20 22 25 22 23 8 27 14 31 10 36 12 7 35 12 22 24 14 26 31 23 13 38 30 INF 29 54 35 40 34 -3 27 30 12 38 32 20 30 16 -3 14 21 25 28 -5 24 16 22 6 22 20 19 19 12 24 0 15 15 INF 30 
12 17 2 25 16 22 27 36 10 22 INF 18 9 25 20 INF 27 28 31 41 27 6 11 5 INF 6 34 8 6 22 28 8 23 3 27 27 23 7 9 6 13 21 24 27 22 13 20 19 16 9 35 5 6 31 5 9 13 19 32 25 16 12 31 15 INF 30 50 34 27 27 6 26 26 -1 37 25 19 29 9 6 11 14 18 21 4 19 15 11 33 19 25 12 18 -1 23 41 0 24 INF 27 
INF INF INF INF INF INF INF INF INF INF INF INF INF INF INF INF INF INF INF INF INF INF INF INF INF INF INF INF INF INF INF INF INF INF INF INF INF INF INF INF INF INF INF INF INF INF INF INF INF INF INF INF INF INF INF INF INF INF INF INF INF INF INF INF INF INF INF INF INF INF INF INF INF INF INF INF INF INF INF INF INF INF INF INF INF INF INF INF INF INF INF INF INF INF INF INF INF 0 INF INF 
23 21 19 24 14 20 37 36 21 31 INF 30 20 30 35 INF 37 28 37 45 15 23 35 19 INF 4 37 18 23 26 38 25 31 20 37 24 37 22 20 30 28 31 34 31 32 17 35 23 40 19 45 20 16 40 16 26 28 23 3 25 31 22 39 39 INF 6 59 44 44 38 6 36 17 16 20 40 29 26 20 6 22 29 33 36 4 18 25 26 48 30 29 23 28 16 33 53 24 24 0 39 
11 29 29 44 24 30 47 46 25 41 INF 37 24 43 39 INF 47 47 12 53 28 33 43 32 INF 14 7 28 33 1 43 35 42 30 42 27 50 26 24 37 32 41 44 39 42 25 39 31 47 29 54 24 26 50 20 36 16 31 13 44 35 32 50 46 INF 16 69 49 32 42 16 0 30 26 30 44 39 39 24 16 26 33 37 40 14 38 35 14 52 34 37 18 38 26 43 62 32 30 INF 0 
Negative Cycle: None
Time taken: 2.12412 ms
